#	molecular weight		6.941	22.9898	24.305	26.9815	28.085	39.0983	51.9961	54.938	58.6934	58.9339	63.546	65.39	87.62	112.411	238.029	40.078	62.0049	96.0626	35.453
#	mmol	mol/L	mol/L	mol/L	mol/L	mol/L	mol/L	mol/L	mol/L	mol/L	mol/L	mol/L	mol/L	mol/L	mol/L	mol/L	mol/L	mol/L	mol/L	mol/L	mol/L
#	KOH	H	Li7	Na23	Mg24	Al27	Si28	K39	Cr52	Mn55	Ni58	Co59	Cu63	Zn64	Sr88	Cd114	U238	Ca	NO3-	SO42-	Tc
0.00	0.0	3.83	0.311194352	44.80247762	2.048961119	6.411800678	1.224853124	4.348015131	0.005865825	0.682587644	0.163221078	0.010180898	0.015610739	0.030126931	0.003149966	0.001423348	0.129816115	5.364539149	30.36856765	31.85422839	1.84224E-06
1.98	6.6	3.93	0.314075782	44.80247762	1.797983954	4.4474918	0.875912409	7.314896044	0.004308015	0.602497361	0.135790396	0.008806476	0.012825355	0.024468573	0.002773339	0.001236534	0.112171206	4.865512251	30.57822849	30.54258369	0
2.69	9.0	4.01	0.302550065	45.67242864	1.711581979	3.706243167	0.687199573	8.440264666	0.003154083	0.584295023	0.130338334	0.008806476	0.011944103	0.024468573	0.002796165	0.001183158	0.105869453	5.06512301	32.23938753	31.37537397	0
3.28	11.0	4.10	0.28526149	43.28006333	1.728039498	3.287437689	0.541214171	9.872552004	0.002480955	0.587935491	0.130338334	0.008738604	0.011157272	0.02584493	0.002693449	0.001165366	0.102088401	4.765706872	30.82014486	29.75143292	0
4.61	15.4	4.17	0.282380061	44.80247762	1.70335322	2.861219725	0.409471248	10.97234407	0.001911682	0.59703666	0.12948645	0.008738604	0.010260284	0.025386145	0.00257932	0.001138679	0.094946414	4.416388043	29.33639116	27.90888441	1.61407E-06
5.61	18.8	4.27	0.272295058	44.80247762	1.616951245	2.301577006	0.279508635	11.99540645	0.001384719	0.569733154	0.120286097	0.008433177	0.009237403	0.02370393	0.002556494	0.001094199	0.088644661	4.566096113	31.70717153	29.31421802	0
6.40	21.4	4.22	0.256447198	44.80247762	1.645751903	2.197802198	0.23322058	12.99289227	0.001257787	0.587935491	0.121989866	0.008518018	0.009001353	0.02477443	0.002567907	0.001103095	0.084863609	4.541144768	31.36848862	28.57511664	0
7.36	24.6	4.28	0.255006483	46.54237966	1.641637523	1.842002854	0.164144561	14.45075617	0.000871219	0.580654556	0.120967605	0.008484081	0.008293205	0.024009787	0.002476604	0.001094199	0.07940209	4.441339388	30.1589068	26.97199534	0
8.13	27.2	4.34	0.229073621	43.9325266	1.608722485	1.723403072	0.166280933	14.96228736	0.000813523	0.577014089	0.118241574	0.008450145	0.007648003	0.025692002	0.002465191	0.001085303	0.074780804	4.466290733	30.82014486	27.33634109	1.58096E-06
8.63	28.9	4.39	0.21322576	43.9325266	1.662209422	1.371309972	0.117144383	16.2666919	0.000440418	0.59703666	0.120626851	0.008704667	0.00742769	0.024927359	0.002499429	0.001129783	0.073100337	4.466290733	30.99755019	26.10797542	0
9.29	31.1	4.39	0.191615041	43.9325266	1.571693067	1.234178974	0.121773189	16.03650287	0.000569273	0.56791292	0.113130267	0.008178654	0.006483492	0.025997859	0.002408126	0.001040823	0.063017531	4.266679974	31.27172207	26.316173	0
10.09	33.8	4.43	0.174326466	45.23745313	1.542892409	1.074810518	0.108242834	17.00841213	0.000209631	0.564272453	0.111767252	0.008110782	0.005901237	0.027680073	0.002396713	0.001076407	0.057976129	4.341534009	31.23946656	25.93100749	0
10.91	36.5	4.49	0.164241464	43.23656578	1.52232051	0.87837963	0.10753071	17.80128548	0.000282714	0.555171284	0.109211598	0.008093814	0.005256035	0.027068359	0.002351061	0.00100524	0.051254259	4.241728629	29.8524794	24.68182206	1.42744E-06
11.95	40.0	4.65	0.161360035	46.10740415	1.52232051	0.722717417	0.118924693	19.23357282	0.00028656	0.556991518	0.109722729	0.0079411	0.004264627	0.02691543	0.002282584	0.001031927	0.042431805	4.14192325	30.30405661	23.21402919	1.34255E-06
13.03	43.6	4.80	0.111223167	45.23745313	1.51820613	0.415099235	0.110379206	20.43567112	0.000323101	0.566092686	0.10801896	0.0079411	0.003115853	0.025386145	0.002328236	0.000987448	0.032348999	4.116971905	29.61056304	22.33959939	0
14.26	47.7	4.82	0.100850022	43.67154129	1.509977371	0.437336694	0.101833719	21.43315694	0.00023271	0.569733154	0.104270668	0.00775445	0.002753911	0.02584493	0.00230541	0.00100524	0.029240135	4.116971905	31.5297662	23.29730821	0
15.09	50.5	4.89	0.096383806	45.23745313	1.456490434	0.31169505	0.096136728	21.84238189	0.000194245	0.542429648	0.098818607	0.007330246	0.00163661	0.024009787	0.002214106	0.000942968	0.021467972	4.067069215	30.99755019	22.57902659	0
15.80	52.9	4.98	0.077222302	44.36750211	1.435918535	0.283156978	0.09293217	22.45621932	0.000257712	0.542429648	0.096092576	0.007177533	0.001329745	0.023092216	0.002168455	0.00091628	0.018527154	3.99221518	29.40090219	21.09041396	0
16.70	55.9	5.07	0.069298372	44.36750211	1.378317219	0.207549617	0.087591241	23.32582235	0.00018386	0.526047545	0.091151646	0.006617583	0.000741195	0.019727787	0.002077151	0.000898489	0.012981611	3.767653077	30.1589068	20.64278918	0
17.88	59.9	5.16	0.059933727	42.84508782	1.378317219	0.173081556	0.087947303	24.2465785	0.000444264	0.522407077	0.087914484	0.006227316	0.000530324	0.018963144	0.002008674	0.00085134	0.012099366	3.767653077	30.46533419	21.09041396	1.21973E-06
18.84	63.1	5.27	0.056620084	44.36750211	1.370088459	0.103404184	0.084030621	25.16733464	0.000172898	0.51876661	0.084336569	0.005514653	0.000327322	0.016822144	0.002054325	0.000826432	0.010334875	3.792604421	30.83627262	21.47557947	0
20.62	69.0	5.39	0.055899726	44.36750211	1.296029624	0.044474918	0.046644116	26.08809079	0.00013751	0.493283338	0.066446994	0.003563314	0.000341485	0.014191772	0.001894545	0.000495503	0.009494641	3.592993662	30.33631213	21.04877444	0
22.23	74.4	5.47	0.053594583	44.36750211	1.341287801	0.057446769	0.071924515	28.64574675	0.000184629	0.487822636	0.061335687	0.002782779	0.000184119	0.017433858	0.001974435	0.000686766	0.010124817	3.767653077	29.06221928	20.33049282	0
23.29	78.0	5.55	0.054603083	41.19218088	1.316601522	0.059299891	0.069788143	29.66880913	0.00022694	0.495103571	0.056565133	0.002239797	0.000187266	0.009649794	0.001928783	0.0006325	0.009998782	3.642896352	28.65902534	20.32008295	1.17518E-06
25.77	86.3	5.70	0.05532344	44.80247762	1.312487143	0.078942979	0.071924515	32.22646509	0.00017309	0.473260767	0.055883626	0.001416842	0.000236049	0.010781465	0.001894545	0.000556885	0.011889308	3.493188283	29.59443528	21.12164359	0
27.22	91.1	5.80	0.051865725	43.19306823	1.246657066	0.093397328	0.073348763	31.7149339	0.000131548	0.449597728	0.0100352	0.000352938	0.000435905	0.012800122	0.001814654	0.000378966	0.012309424	3.368431558	27.12688836	19.70590011	0
29.47	98.7	6.00	0.050425011	45.67242864	1.312487143	0.095991698	0.064803276	37.34177701	0.000240403	0.458698897	0.033223497	0.000884041	0.000503572	0.010077994	0.001928783	0.000500841	0.018401119	3.518139628	28.43323673	20.85098675	1.20589E-06
33.00	110.5	6.10	0.048984296	45.67242864	1.259000206	0.07041862	0.062666904	38.87637058	0.000313485	0.422294223	0.014822791	0.000329182	0.00018884	0.014023551	0.00175759	0.000353168	0.023946662	3.193772144	28.62676982	21.78787582	1.26007E-06
