#          pH	    reaction	          Al	        S(6)	  Al(OH)3(a)	d_Al(OH)3(a)	Basaluminite	d_Basaluminite	   Jurbanite	 d_Jurbanite	     Alunite	   d_Alunite	si_Al(OH)3(a)	si_Basaluminite	si_Jurbanite	  si_Alunite	
     6.34848	  1.0000e-07	  8.1669e-07	  1.0001e-02	  0.0000e+00	  0.0000e+00	  0.0000e+00	  0.0000e+00	  0.0000e+00	  0.0000e+00	  1.0000e+01	 -2.7223e-07	     -0.9908	      1.2996	     -2.1979	      0.0000	
     6.33056	  2.0000e-07	  7.9236e-07	  1.0001e-02	  0.0000e+00	  0.0000e+00	  0.0000e+00	  0.0000e+00	  0.0000e+00	  0.0000e+00	  1.0000e+01	 -2.6402e-07	     -1.0044	      1.2813	     -2.1756	      0.0000	
     6.31227	  3.0000e-07	  7.6947e-07	  1.0001e-02	  0.0000e+00	  0.0000e+00	  0.0000e+00	  0.0000e+00	  0.0000e+00	  0.0000e+00	  1.0000e+01	 -2.5639e-07	     -1.0184	      1.2617	     -2.1530	     -0.0000	
     6.29365	  4.0000e-07	  7.4808e-07	  1.0000e-02	  0.0000e+00	  0.0000e+00	  0.0000e+00	  0.0000e+00	  0.0000e+00	  0.0000e+00	  1.0000e+01	 -2.4926e-07	     -1.0330	      1.2407	     -2.1303	     -0.0000	
     6.27474	  5.0000e-07	  7.2822e-07	  1.0000e-02	  0.0000e+00	  0.0000e+00	  0.0000e+00	  0.0000e+00	  0.0000e+00	  0.0000e+00	  1.0000e+01	 -2.4264e-07	     -1.0480	      1.2185	     -2.1075	      0.0000	
     6.17772	  1.0000e-06	  6.5237e-07	  1.0000e-02	  0.0000e+00	  0.0000e+00	  0.0000e+00	  0.0000e+00	  0.0000e+00	  0.0000e+00	  1.0000e+01	 -2.1736e-07	     -1.1291	      1.0882	     -1.9946	      0.0000	
     5.99334	  2.0000e-06	  6.0346e-07	  1.0000e-02	  0.0000e+00	  0.0000e+00	  0.0000e+00	  0.0000e+00	  0.0000e+00	  0.0000e+00	  1.0000e+01	 -2.0105e-07	     -1.3022	      0.7645	     -1.7989	     -0.0000	
     5.84527	  3.0000e-06	  6.3833e-07	  1.0000e-02	  0.0000e+00	  0.0000e+00	  0.0000e+00	  0.0000e+00	  0.0000e+00	  0.0000e+00	  1.0000e+01	 -2.1268e-07	     -1.4584	      0.4359	     -1.6590	     -0.0000	
     5.73071	  4.0000e-06	  7.1282e-07	  1.0000e-02	  0.0000e+00	  0.0000e+00	  0.0000e+00	  0.0000e+00	  0.0000e+00	  0.0000e+00	  1.0000e+01	 -2.3751e-07	     -1.5889	      0.1429	     -1.5604	     -0.0000	
     5.63963	  5.0000e-06	  8.0887e-07	  1.0001e-02	  0.0000e+00	  0.0000e+00	  0.0000e+00	  0.0000e+00	  0.0000e+00	  0.0000e+00	  1.0000e+01	 -2.6952e-07	     -1.6983	     -0.1125	     -1.4876	      0.0000	
     5.35578	  1.0000e-05	  1.4487e-06	  1.0001e-02	  0.0000e+00	  0.0000e+00	  0.0000e+00	  0.0000e+00	  0.0000e+00	  0.0000e+00	  1.0000e+01	 -4.8280e-07	     -2.0665	     -1.0176	     -1.2882	     -0.0000	
      5.0785	  2.0000e-05	  3.1185e-06	  1.0002e-02	  0.0000e+00	  0.0000e+00	  0.0000e+00	  0.0000e+00	  0.0000e+00	  0.0000e+00	  1.0000e+01	 -1.0394e-06	     -2.4547	     -2.0160	     -1.1219	     -0.0000	
     4.92057	  3.0000e-05	  5.0747e-06	  1.0003e-02	  0.0000e+00	  0.0000e+00	  0.0000e+00	  0.0000e+00	  0.0000e+00	  0.0000e+00	  1.0000e+01	 -1.6915e-06	     -2.6831	     -2.6137	     -1.0345	      0.0000	
     4.81052	  4.0000e-05	  7.2168e-06	  1.0005e-02	  0.0000e+00	  0.0000e+00	  0.0000e+00	  0.0000e+00	  0.0000e+00	  0.0000e+00	  1.0000e+01	 -2.4055e-06	     -2.8440	     -3.0376	     -0.9754	      0.0000	
     4.72631	  5.0000e-05	  9.4967e-06	  1.0006e-02	  0.0000e+00	  0.0000e+00	  0.0000e+00	  0.0000e+00	  0.0000e+00	  0.0000e+00	  1.0000e+01	 -3.1655e-06	     -2.9680	     -3.3648	     -0.9310	      0.0000	
     4.47089	  1.0000e-04	  2.2225e-05	  1.0015e-02	  0.0000e+00	  0.0000e+00	  0.0000e+00	  0.0000e+00	  0.0000e+00	  0.0000e+00	  1.0000e+01	 -7.4083e-06	     -3.3462	     -4.3675	     -0.7988	      0.0000	
     4.22425	  2.0000e-04	  5.1272e-05	  1.0034e-02	  0.0000e+00	  0.0000e+00	  0.0000e+00	  0.0000e+00	  0.0000e+00	  0.0000e+00	  1.0000e+01	 -1.7091e-05	     -3.7135	     -5.3438	     -0.6733	     -0.0000	
     4.08366	  3.0000e-04	  8.2866e-05	  1.0055e-02	  0.0000e+00	  0.0000e+00	  0.0000e+00	  0.0000e+00	  0.0000e+00	  0.0000e+00	  1.0000e+01	 -2.7622e-05	     -3.9232	     -5.9020	     -0.6024	     -0.0000	
     3.98543	  4.0000e-04	  1.1601e-04	  1.0077e-02	  0.0000e+00	  0.0000e+00	  0.0000e+00	  0.0000e+00	  0.0000e+00	  0.0000e+00	  1.0000e+01	 -3.8672e-05	     -4.0698	     -6.2924	     -0.5531	     -0.0000	
     3.91005	  5.0000e-04	  1.5026e-04	  1.0100e-02	  0.0000e+00	  0.0000e+00	  0.0000e+00	  0.0000e+00	  0.0000e+00	  0.0000e+00	  9.9999e+00	 -5.0088e-05	     -4.1823	     -6.5921	     -0.5153	      0.0000	
     3.68005	  1.0000e-03	  3.3146e-04	  1.0221e-02	  0.0000e+00	  0.0000e+00	  0.0000e+00	  0.0000e+00	  0.0000e+00	  0.0000e+00	  9.9999e+00	 -1.1049e-04	     -4.5251	     -7.5059	     -0.4005	      0.0000	
     3.54815	  1.5000e-03	  5.2231e-04	  1.0348e-02	  0.0000e+00	  0.0000e+00	  0.0000e+00	  0.0000e+00	  0.0000e+00	  0.0000e+00	  9.9998e+00	 -1.7410e-04	     -4.7213	     -8.0291	     -0.3352	     -0.0000	
     3.45565	  2.0000e-03	  7.1884e-04	  1.0479e-02	  0.0000e+00	  0.0000e+00	  0.0000e+00	  0.0000e+00	  0.0000e+00	  0.0000e+00	  9.9998e+00	 -2.3962e-04	     -4.8586	     -8.3953	     -0.2895	      0.0000	
     3.38449	  2.5000e-03	  9.1932e-04	  1.0613e-02	  0.0000e+00	  0.0000e+00	  0.0000e+00	  0.0000e+00	  0.0000e+00	  0.0000e+00	  9.9997e+00	 -3.0645e-04	     -4.9639	     -8.6764	     -0.2546	     -0.0000	
     3.32671	  3.0000e-03	  1.1228e-03	  1.0748e-02	  0.0000e+00	  0.0000e+00	  0.0000e+00	  0.0000e+00	  0.0000e+00	  0.0000e+00	  9.9996e+00	 -3.7427e-04	     -5.0493	     -8.9043	     -0.2263	     -0.0000	
     3.27811	  3.5000e-03	  1.3286e-03	  1.0885e-02	  0.0000e+00	  0.0000e+00	  0.0000e+00	  0.0000e+00	  0.0000e+00	  0.0000e+00	  9.9996e+00	 -4.4289e-04	     -5.1210	     -9.0956	     -0.2027	     -0.0000	
      3.2362	  4.0000e-03	  1.5364e-03	  1.1024e-02	  0.0000e+00	  0.0000e+00	  0.0000e+00	  0.0000e+00	  0.0000e+00	  0.0000e+00	  9.9995e+00	 -5.1217e-04	     -5.1826	     -9.2602	     -0.1823	      0.0000	
     3.19938	  4.5000e-03	  1.7459e-03	  1.1163e-02	  0.0000e+00	  0.0000e+00	  0.0000e+00	  0.0000e+00	  0.0000e+00	  0.0000e+00	  9.9994e+00	 -5.8199e-04	     -5.2367	     -9.4047	     -0.1645	      0.0000	
     3.16655	  5.0000e-03	  1.9568e-03	  1.1304e-02	  0.0000e+00	  0.0000e+00	  0.0000e+00	  0.0000e+00	  0.0000e+00	  0.0000e+00	  9.9993e+00	 -6.5230e-04	     -5.2849	     -9.5333	     -0.1487	      0.0000	
     3.13695	  5.5000e-03	  2.1689e-03	  1.1445e-02	  0.0000e+00	  0.0000e+00	  0.0000e+00	  0.0000e+00	  0.0000e+00	  0.0000e+00	  9.9993e+00	 -7.2302e-04	     -5.3282	     -9.6491	     -0.1345	     -0.0000	
        3.11	  6.0000e-03	  2.3822e-03	  1.1587e-02	  0.0000e+00	  0.0000e+00	  0.0000e+00	  0.0000e+00	  0.0000e+00	  0.0000e+00	  9.9992e+00	 -7.9412e-04	     -5.3676	     -9.7543	     -0.1216	      0.0000	
     3.08528	  6.5000e-03	  2.5964e-03	  1.1730e-02	  0.0000e+00	  0.0000e+00	  0.0000e+00	  0.0000e+00	  0.0000e+00	  0.0000e+00	  9.9991e+00	 -8.6555e-04	     -5.4036	     -9.8507	     -0.1098	      0.0000	
     3.06245	  7.0000e-03	  2.8116e-03	  1.1873e-02	  0.0000e+00	  0.0000e+00	  0.0000e+00	  0.0000e+00	  0.0000e+00	  0.0000e+00	  9.9991e+00	 -9.3728e-04	     -5.4369	     -9.9397	     -0.0989	      0.0000	
     3.04125	  7.5000e-03	  3.0275e-03	  1.2017e-02	  0.0000e+00	  0.0000e+00	  0.0000e+00	  0.0000e+00	  0.0000e+00	  0.0000e+00	  9.9990e+00	 -1.0093e-03	     -5.4678	    -10.0222	     -0.0889	      0.0000	
     3.02146	  8.0000e-03	  3.2443e-03	  1.2162e-02	  0.0000e+00	  0.0000e+00	  0.0000e+00	  0.0000e+00	  0.0000e+00	  0.0000e+00	  9.9989e+00	 -1.0815e-03	     -5.4966	    -10.0991	     -0.0795	     -0.0000	
     3.00291	  8.5000e-03	  3.4617e-03	  1.2307e-02	  0.0000e+00	  0.0000e+00	  0.0000e+00	  0.0000e+00	  0.0000e+00	  0.0000e+00	  9.9988e+00	 -1.1540e-03	     -5.5235	    -10.1712	     -0.0707	      0.0000	
     2.98546	  9.0000e-03	  3.6798e-03	  1.2452e-02	  0.0000e+00	  0.0000e+00	  0.0000e+00	  0.0000e+00	  0.0000e+00	  0.0000e+00	  9.9988e+00	 -1.2267e-03	     -5.5488	    -10.2389	     -0.0625	      0.0000	
     2.96899	  9.5000e-03	  3.8984e-03	  1.2598e-02	  0.0000e+00	  0.0000e+00	  0.0000e+00	  0.0000e+00	  0.0000e+00	  0.0000e+00	  9.9987e+00	 -1.2997e-03	     -5.5727	    -10.3028	     -0.0548	     -0.0000	
     2.95339	  1.0000e-02	  4.1177e-03	  1.2744e-02	  0.0000e+00	  0.0000e+00	  0.0000e+00	  0.0000e+00	  0.0000e+00	  0.0000e+00	  9.9986e+00	 -1.3728e-03	     -5.5953	    -10.3632	     -0.0474	     -0.0000	
     2.88591	  1.2500e-02	  5.2210e-03	  1.3479e-02	  0.0000e+00	  0.0000e+00	  0.0000e+00	  0.0000e+00	  0.0000e+00	  0.0000e+00	  9.9983e+00	 -1.7407e-03	     -5.6928	    -10.6243	     -0.0159	      0.0000	
     2.83124	  1.5000e-02	  6.3344e-03	  1.4221e-02	  0.0000e+00	  0.0000e+00	  0.0000e+00	  0.0000e+00	  0.0000e+00	  0.0000e+00	  9.9979e+00	 -2.1119e-03	     -5.7716	    -10.8354	      0.0094	     -0.0000	
     2.78538	  1.7500e-02	  7.4555e-03	  1.4968e-02	  0.0000e+00	  0.0000e+00	  0.0000e+00	  0.0000e+00	  0.0000e+00	  0.0000e+00	  9.9975e+00	 -2.4858e-03	     -5.8376	    -11.0123	      0.0305	     -0.0000	
     2.74595	  2.0000e-02	  8.5830e-03	  1.5719e-02	  0.0000e+00	  0.0000e+00	  0.0000e+00	  0.0000e+00	  0.0000e+00	  0.0000e+00	  9.9971e+00	 -2.8619e-03	     -5.8944	    -11.1646	      0.0486	     -0.0000	
      2.7114	  2.2500e-02	  9.7158e-03	  1.6474e-02	  0.0000e+00	  0.0000e+00	  0.0000e+00	  0.0000e+00	  0.0000e+00	  0.0000e+00	  9.9968e+00	 -3.2397e-03	     -5.9442	    -11.2983	      0.0644	     -0.0000	
     2.68069	  2.5000e-02	  1.0853e-02	  1.7231e-02	  0.0000e+00	  0.0000e+00	  0.0000e+00	  0.0000e+00	  0.0000e+00	  0.0000e+00	  9.9964e+00	 -3.6191e-03	     -5.9886	    -11.4173	      0.0785	     -0.0000	
     2.65308	  2.7500e-02	  1.1994e-02	  1.7992e-02	  0.0000e+00	  0.0000e+00	  0.0000e+00	  0.0000e+00	  0.0000e+00	  0.0000e+00	  9.9960e+00	 -3.9998e-03	     -6.0286	    -11.5246	      0.0911	     -0.0000	
     2.62802	  3.0000e-02	  1.3139e-02	  1.8754e-02	  0.0000e+00	  0.0000e+00	  0.0000e+00	  0.0000e+00	  0.0000e+00	  0.0000e+00	  9.9956e+00	 -4.3817e-03	     -6.0650	    -11.6224	      0.1026	     -0.0000	
     2.60509	  3.2500e-02	  1.4286e-02	  1.9519e-02	  0.0000e+00	  0.0000e+00	  0.0000e+00	  0.0000e+00	  0.0000e+00	  0.0000e+00	  9.9952e+00	 -4.7646e-03	     -6.0984	    -11.7121	      0.1131	     -0.0000	
     2.58397	  3.5000e-02	  1.5437e-02	  2.0286e-02	  0.0000e+00	  0.0000e+00	  0.0000e+00	  0.0000e+00	  0.0000e+00	  0.0000e+00	  9.9949e+00	 -5.1485e-03	     -6.1293	    -11.7951	      0.1229	     -0.0000	
      2.5644	  3.7500e-02	  1.6589e-02	  2.1054e-02	  0.0000e+00	  0.0000e+00	  0.0000e+00	  0.0000e+00	  0.0000e+00	  0.0000e+00	  9.9945e+00	 -5.5331e-03	     -6.1581	    -11.8724	      0.1320	      0.0000	
     2.54617	  4.0000e-02	  1.7744e-02	  2.1823e-02	  0.0000e+00	  0.0000e+00	  0.0000e+00	  0.0000e+00	  0.0000e+00	  0.0000e+00	  9.9941e+00	 -5.9186e-03	     -6.1850	    -11.9446	      0.1404	      0.0000	
     2.52913	  4.2500e-02	  1.8901e-02	  2.2594e-02	  0.0000e+00	  0.0000e+00	  0.0000e+00	  0.0000e+00	  0.0000e+00	  0.0000e+00	  9.9937e+00	 -6.3047e-03	     -6.2103	    -12.0125	      0.1484	     -0.0000	
     2.51312	  4.5000e-02	  2.0060e-02	  2.3366e-02	  0.0000e+00	  0.0000e+00	  0.0000e+00	  0.0000e+00	  0.0000e+00	  0.0000e+00	  9.9933e+00	 -6.6914e-03	     -6.2341	    -12.0765	      0.1559	     -0.0000	
     2.49804	  4.7500e-02	  2.1220e-02	  2.4139e-02	  0.0000e+00	  0.0000e+00	  0.0000e+00	  0.0000e+00	  0.0000e+00	  0.0000e+00	  9.9929e+00	 -7.0788e-03	     -6.2567	    -12.1370	      0.1630	     -0.0000	
     2.48379	  5.0000e-02	  2.2382e-02	  2.4913e-02	  0.0000e+00	  0.0000e+00	  0.0000e+00	  0.0000e+00	  0.0000e+00	  0.0000e+00	  9.9925e+00	 -7.4667e-03	     -6.2781	    -12.1945	      0.1698	     -0.0000	
