#          pH	    reaction	          Al	        S(6)	          Ca	           U	  Al(OH)3(a)	d_Al(OH)3(a)	Basaluminite	d_Basaluminite	   Jurbanite	 d_Jurbanite	     Alunite	   d_Alunite	si_Al(OH)3(a)	si_Basaluminite	si_Jurbanite	  si_Alunite	
#        3.16	         -99	  1.9087e-03	  8.7860e-04	  2.6198e-03	  3.2100e-05	  0.0000e+00	  0.0000e+00	  0.0000e+00	  0.0000e+00	  0.0000e+00	  0.0000e+00	  0.0000e+00	  0.0000e+00	     -4.7586	     -8.5487	     -0.7428	      1.0846	
#        3.16	         -99	  1.9087e-03	  8.7860e-04	  2.6198e-03	  3.2100e-05	  0.0000e+00	  0.0000e+00	  0.0000e+00	  0.0000e+00	  0.0000e+00	  0.0000e+00	  0.0000e+00	  0.0000e+00	     -4.7586	     -8.5487	     -0.7428	      1.0846	
#        3.16	         -99	  1.9087e-03	  8.7860e-04	  2.6198e-03	  3.2100e-05	  0.0000e+00	  0.0000e+00	  0.0000e+00	  0.0000e+00	  0.0000e+00	  0.0000e+00	  0.0000e+00	  0.0000e+00	     -4.7586	     -8.5487	     -0.7428	      1.0846	
     3.18615	  1.0000e-04	  1.9106e-03	  8.9880e-04	  2.6195e-03	  3.0569e-05	  0.0000e+00	  0.0000e+00	  0.0000e+00	  0.0000e+00	  0.0000e+00	  0.0000e+00	  0.0000e+00	  0.0000e+00	     -4.6816	     -8.2823	     -0.7075	      1.2583	
     3.21143	  2.0000e-04	  1.9131e-03	  9.1873e-04	  2.6197e-03	  2.9088e-05	  0.0000e+00	  0.0000e+00	  0.0000e+00	  0.0000e+00	  0.0000e+00	  0.0000e+00	  0.0000e+00	  0.0000e+00	     -4.6071	     -8.0244	     -0.6732	      1.4268	
     3.23705	  3.0000e-04	  1.9155e-03	  9.3945e-04	  2.6198e-03	  2.7591e-05	  0.0000e+00	  0.0000e+00	  0.0000e+00	  0.0000e+00	  0.0000e+00	  0.0000e+00	  0.0000e+00	  0.0000e+00	     -4.5316	     -7.7633	     -0.6384	      1.5974	
     3.26297	  4.0000e-04	  1.9180e-03	  9.6095e-04	  2.6199e-03	  2.6089e-05	  0.0000e+00	  0.0000e+00	  0.0000e+00	  0.0000e+00	  0.0000e+00	  0.0000e+00	  0.0000e+00	  0.0000e+00	     -4.4553	     -7.4992	     -0.6032	      1.7699	
     3.28918	  5.0000e-04	  1.9206e-03	  9.8321e-04	  2.6200e-03	  2.4591e-05	  0.0000e+00	  0.0000e+00	  0.0000e+00	  0.0000e+00	  0.0000e+00	  0.0000e+00	  0.0000e+00	  0.0000e+00	     -4.3782	     -7.2324	     -0.5677	      1.9442	
     3.31565	  6.0000e-04	  1.9232e-03	  1.0062e-03	  2.6201e-03	  2.3104e-05	  0.0000e+00	  0.0000e+00	  0.0000e+00	  0.0000e+00	  0.0000e+00	  0.0000e+00	  0.0000e+00	  0.0000e+00	     -4.3004	     -6.9630	     -0.5319	      2.1201	
     3.34236	  7.0000e-04	  1.9258e-03	  1.0300e-03	  2.6202e-03	  2.1638e-05	  0.0000e+00	  0.0000e+00	  0.0000e+00	  0.0000e+00	  0.0000e+00	  0.0000e+00	  0.0000e+00	  0.0000e+00	     -4.2219	     -6.6915	     -0.4958	      2.2974	
      3.3693	  8.0000e-04	  1.9285e-03	  1.0545e-03	  2.6203e-03	  2.0202e-05	  0.0000e+00	  0.0000e+00	  0.0000e+00	  0.0000e+00	  0.0000e+00	  0.0000e+00	  0.0000e+00	  0.0000e+00	     -4.1428	     -6.4179	     -0.4595	      2.4760	
     3.39643	  9.0000e-04	  1.9312e-03	  1.0798e-03	  2.6203e-03	  1.8803e-05	  0.0000e+00	  0.0000e+00	  0.0000e+00	  0.0000e+00	  0.0000e+00	  0.0000e+00	  0.0000e+00	  0.0000e+00	     -4.0632	     -6.1425	     -0.4230	      2.6556	
     3.42374	  1.0000e-03	  1.9339e-03	  1.1057e-03	  2.6203e-03	  1.7448e-05	  0.0000e+00	  0.0000e+00	  0.0000e+00	  0.0000e+00	  0.0000e+00	  0.0000e+00	  0.0000e+00	  0.0000e+00	     -3.9831	     -5.8656	     -0.3864	      2.8363	
     3.45121	  1.1000e-03	  1.9367e-03	  1.1323e-03	  2.6203e-03	  1.6143e-05	  0.0000e+00	  0.0000e+00	  0.0000e+00	  0.0000e+00	  0.0000e+00	  0.0000e+00	  0.0000e+00	  0.0000e+00	     -3.9026	     -5.5873	     -0.3496	      3.0177	
     3.47883	  1.2000e-03	  1.9394e-03	  1.1595e-03	  2.6203e-03	  1.4895e-05	  0.0000e+00	  0.0000e+00	  0.0000e+00	  0.0000e+00	  0.0000e+00	  0.0000e+00	  0.0000e+00	  0.0000e+00	     -3.8217	     -5.3079	     -0.3128	      3.1997	
     3.50656	  1.3000e-03	  1.9422e-03	  1.1873e-03	  2.6203e-03	  1.3706e-05	  0.0000e+00	  0.0000e+00	  0.0000e+00	  0.0000e+00	  0.0000e+00	  0.0000e+00	  0.0000e+00	  0.0000e+00	     -3.7405	     -5.0275	     -0.2759	      3.3823	
      3.5344	  1.4000e-03	  1.9450e-03	  1.2156e-03	  2.6203e-03	  1.2580e-05	  0.0000e+00	  0.0000e+00	  0.0000e+00	  0.0000e+00	  0.0000e+00	  0.0000e+00	  0.0000e+00	  0.0000e+00	     -3.6591	     -4.7464	     -0.2391	      3.5652	
     3.56233	  1.5000e-03	  1.9478e-03	  1.2445e-03	  2.6203e-03	  1.1519e-05	  0.0000e+00	  0.0000e+00	  0.0000e+00	  0.0000e+00	  0.0000e+00	  0.0000e+00	  0.0000e+00	  0.0000e+00	     -3.5775	     -4.4646	     -0.2022	      3.7483	
     3.59033	  1.6000e-03	  1.9506e-03	  1.2738e-03	  2.6202e-03	  1.0524e-05	  0.0000e+00	  0.0000e+00	  0.0000e+00	  0.0000e+00	  0.0000e+00	  0.0000e+00	  0.0000e+00	  0.0000e+00	     -3.4956	     -4.1824	     -0.1655	      3.9316	
     3.61841	  1.7000e-03	  1.9534e-03	  1.3036e-03	  2.6202e-03	  9.5958e-06	  0.0000e+00	  0.0000e+00	  0.0000e+00	  0.0000e+00	  0.0000e+00	  0.0000e+00	  0.0000e+00	  0.0000e+00	     -3.4137	     -3.8998	     -0.1288	      4.1150	
     3.64653	  1.8000e-03	  1.9562e-03	  1.3338e-03	  2.6201e-03	  8.7334e-06	  0.0000e+00	  0.0000e+00	  0.0000e+00	  0.0000e+00	  0.0000e+00	  0.0000e+00	  0.0000e+00	  0.0000e+00	     -3.3316	     -3.6171	     -0.0922	      4.2982	
     3.67471	  1.9000e-03	  1.9589e-03	  1.3643e-03	  2.6201e-03	  7.9354e-06	  0.0000e+00	  0.0000e+00	  0.0000e+00	  0.0000e+00	  0.0000e+00	  0.0000e+00	  0.0000e+00	  0.0000e+00	     -3.2495	     -3.3342	     -0.0557	      4.4814	
     3.70292	  2.0000e-03	  1.9617e-03	  1.3950e-03	  2.6200e-03	  7.1999e-06	  0.0000e+00	  0.0000e+00	  0.0000e+00	  0.0000e+00	  0.0000e+00	  0.0000e+00	  0.0000e+00	  0.0000e+00	     -3.1673	     -3.0512	     -0.0194	      4.6644	
     3.73116	  2.1000e-03	  1.9643e-03	  1.4261e-03	  2.6200e-03	  6.5245e-06	  0.0000e+00	  0.0000e+00	  0.0000e+00	  0.0000e+00	  0.0000e+00	  0.0000e+00	  0.0000e+00	  0.0000e+00	     -3.0850	     -2.7684	      0.0168	      4.8471	
     3.75943	  2.2000e-03	  1.9670e-03	  1.4573e-03	  2.6199e-03	  5.9063e-06	  0.0000e+00	  0.0000e+00	  0.0000e+00	  0.0000e+00	  0.0000e+00	  0.0000e+00	  0.0000e+00	  0.0000e+00	     -3.0028	     -2.4856	      0.0527	      5.0295	
     3.78773	  2.3000e-03	  1.9696e-03	  1.4886e-03	  2.6199e-03	  5.3423e-06	  0.0000e+00	  0.0000e+00	  0.0000e+00	  0.0000e+00	  0.0000e+00	  0.0000e+00	  0.0000e+00	  0.0000e+00	     -2.9205	     -2.2030	      0.0885	      5.2115	
     3.81604	  2.4000e-03	  1.9721e-03	  1.5201e-03	  2.6198e-03	  4.8291e-06	  0.0000e+00	  0.0000e+00	  0.0000e+00	  0.0000e+00	  0.0000e+00	  0.0000e+00	  0.0000e+00	  0.0000e+00	     -2.8382	     -1.9205	      0.1241	      5.3932	
     3.84437	  2.5000e-03	  1.9746e-03	  1.5515e-03	  2.6198e-03	  4.3635e-06	  0.0000e+00	  0.0000e+00	  0.0000e+00	  0.0000e+00	  0.0000e+00	  0.0000e+00	  0.0000e+00	  0.0000e+00	     -2.7559	     -1.6383	      0.1595	      5.5745	
     3.87272	  2.6000e-03	  1.9770e-03	  1.5829e-03	  2.6197e-03	  3.9421e-06	  0.0000e+00	  0.0000e+00	  0.0000e+00	  0.0000e+00	  0.0000e+00	  0.0000e+00	  0.0000e+00	  0.0000e+00	     -2.6737	     -1.3564	      0.1946	      5.7553	
     3.90108	  2.7000e-03	  1.9793e-03	  1.6143e-03	  2.6197e-03	  3.5615e-06	  0.0000e+00	  0.0000e+00	  0.0000e+00	  0.0000e+00	  0.0000e+00	  0.0000e+00	  0.0000e+00	  0.0000e+00	     -2.5914	     -1.0747	      0.2296	      5.9356	
     3.92946	  2.8000e-03	  1.9816e-03	  1.6455e-03	  2.6196e-03	  3.2185e-06	  0.0000e+00	  0.0000e+00	  0.0000e+00	  0.0000e+00	  0.0000e+00	  0.0000e+00	  0.0000e+00	  0.0000e+00	     -2.5092	     -0.7933	      0.2642	      6.1155	
     3.95784	  2.9000e-03	  1.9837e-03	  1.6765e-03	  2.6196e-03	  2.9100e-06	  0.0000e+00	  0.0000e+00	  0.0000e+00	  0.0000e+00	  0.0000e+00	  0.0000e+00	  0.0000e+00	  0.0000e+00	     -2.4270	     -0.5123	      0.2987	      6.2948	
     3.98623	  3.0000e-03	  1.9858e-03	  1.7073e-03	  2.6196e-03	  2.6330e-06	  0.0000e+00	  0.0000e+00	  0.0000e+00	  0.0000e+00	  0.0000e+00	  0.0000e+00	  0.0000e+00	  0.0000e+00	     -2.3448	     -0.2316	      0.3328	      6.4736	
      4.0101	  3.1000e-03	  1.9828e-03	  1.7312e-03	  2.6189e-03	  2.4223e-06	  0.0000e+00	  0.0000e+00	  1.6361e-06	  1.6361e-06	  0.0000e+00	  0.0000e+00	  0.0000e+00	  0.0000e+00	     -2.2768	      0.0000	      0.3603	      6.6203	
     4.01243	  3.2000e-03	  1.9561e-03	  1.7240e-03	  2.6151e-03	  2.4019e-06	  0.0000e+00	  0.0000e+00	  1.1062e-05	  1.1062e-05	  0.0000e+00	  0.0000e+00	  0.0000e+00	  0.0000e+00	     -2.2756	      0.0000	      0.3568	      6.6168	
     4.01478	  3.3000e-03	  1.9296e-03	  1.7169e-03	  2.6113e-03	  2.3815e-06	  0.0000e+00	  0.0000e+00	  2.0481e-05	  2.0481e-05	  0.0000e+00	  0.0000e+00	  0.0000e+00	  0.0000e+00	     -2.2744	     -0.0000	      0.3533	      6.6132	
     4.01715	  3.4000e-03	  1.9032e-03	  1.7098e-03	  2.6074e-03	  2.3610e-06	  0.0000e+00	  0.0000e+00	  2.9893e-05	  2.9893e-05	  0.0000e+00	  0.0000e+00	  0.0000e+00	  0.0000e+00	     -2.2733	     -0.0000	      0.3498	      6.6095	
     4.01955	  3.5000e-03	  1.8768e-03	  1.7027e-03	  2.6036e-03	  2.3405e-06	  0.0000e+00	  0.0000e+00	  3.9298e-05	  3.9298e-05	  0.0000e+00	  0.0000e+00	  0.0000e+00	  0.0000e+00	     -2.2721	     -0.0000	      0.3463	      6.6058	
     4.02198	  3.6000e-03	  1.8505e-03	  1.6957e-03	  2.5997e-03	  2.3200e-06	  0.0000e+00	  0.0000e+00	  4.8696e-05	  4.8696e-05	  0.0000e+00	  0.0000e+00	  0.0000e+00	  0.0000e+00	     -2.2709	      0.0000	      0.3427	      6.6021	
     4.02444	  3.7000e-03	  1.8243e-03	  1.6887e-03	  2.5958e-03	  2.2994e-06	  0.0000e+00	  0.0000e+00	  5.8085e-05	  5.8085e-05	  0.0000e+00	  0.0000e+00	  0.0000e+00	  0.0000e+00	     -2.2697	      0.0000	      0.3391	      6.5984	
     4.02693	  3.8000e-03	  1.7982e-03	  1.6817e-03	  2.5919e-03	  2.2789e-06	  0.0000e+00	  0.0000e+00	  6.7467e-05	  6.7467e-05	  0.0000e+00	  0.0000e+00	  0.0000e+00	  0.0000e+00	     -2.2685	      0.0000	      0.3354	      6.5946	
     4.02944	  3.9000e-03	  1.7722e-03	  1.6748e-03	  2.5880e-03	  2.2583e-06	  0.0000e+00	  0.0000e+00	  7.6841e-05	  7.6841e-05	  0.0000e+00	  0.0000e+00	  0.0000e+00	  0.0000e+00	     -2.2672	      0.0000	      0.3317	      6.5908	
     4.03199	  4.0000e-03	  1.7462e-03	  1.6679e-03	  2.5840e-03	  2.2377e-06	  0.0000e+00	  0.0000e+00	  8.6207e-05	  8.6207e-05	  0.0000e+00	  0.0000e+00	  0.0000e+00	  0.0000e+00	     -2.2660	      0.0000	      0.3280	      6.5869	
     4.03456	  4.1000e-03	  1.7204e-03	  1.6610e-03	  2.5800e-03	  2.2171e-06	  0.0000e+00	  0.0000e+00	  9.5565e-05	  9.5565e-05	  0.0000e+00	  0.0000e+00	  0.0000e+00	  0.0000e+00	     -2.2647	      0.0000	      0.3242	      6.5830	
     4.03717	  4.2000e-03	  1.6946e-03	  1.6542e-03	  2.5761e-03	  2.1965e-06	  0.0000e+00	  0.0000e+00	  1.0491e-04	  1.0491e-04	  0.0000e+00	  0.0000e+00	  0.0000e+00	  0.0000e+00	     -2.2634	     -0.0000	      0.3203	      6.5790	
     4.03981	  4.3000e-03	  1.6689e-03	  1.6474e-03	  2.5721e-03	  2.1759e-06	  0.0000e+00	  0.0000e+00	  1.1425e-04	  1.1425e-04	  0.0000e+00	  0.0000e+00	  0.0000e+00	  0.0000e+00	     -2.2622	      0.0000	      0.3165	      6.5751	
     4.04248	  4.4000e-03	  1.6434e-03	  1.6407e-03	  2.5680e-03	  2.1552e-06	  0.0000e+00	  0.0000e+00	  1.2358e-04	  1.2358e-04	  0.0000e+00	  0.0000e+00	  0.0000e+00	  0.0000e+00	     -2.2608	     -0.0000	      0.3125	      6.5710	
     4.04518	  4.5000e-03	  1.6179e-03	  1.6340e-03	  2.5640e-03	  2.1346e-06	  0.0000e+00	  0.0000e+00	  1.3291e-04	  1.3291e-04	  0.0000e+00	  0.0000e+00	  0.0000e+00	  0.0000e+00	     -2.2595	     -0.0000	      0.3086	      6.5669	
     4.04792	  4.6000e-03	  1.5925e-03	  1.6273e-03	  2.5599e-03	  2.1139e-06	  0.0000e+00	  0.0000e+00	  1.4222e-04	  1.4222e-04	  0.0000e+00	  0.0000e+00	  0.0000e+00	  0.0000e+00	     -2.2582	     -0.0000	      0.3046	      6.5628	
     4.05069	  4.7000e-03	  1.5672e-03	  1.6207e-03	  2.5558e-03	  2.0932e-06	  0.0000e+00	  0.0000e+00	  1.5152e-04	  1.5152e-04	  0.0000e+00	  0.0000e+00	  0.0000e+00	  0.0000e+00	     -2.2568	     -0.0000	      0.3005	      6.5587	
      4.0535	  4.8000e-03	  1.5420e-03	  1.6141e-03	  2.5517e-03	  2.0725e-06	  0.0000e+00	  0.0000e+00	  1.6081e-04	  1.6081e-04	  0.0000e+00	  0.0000e+00	  0.0000e+00	  0.0000e+00	     -2.2555	     -0.0000	      0.2964	      6.5545	
     4.05634	  4.9000e-03	  1.5169e-03	  1.6076e-03	  2.5476e-03	  2.0517e-06	  0.0000e+00	  0.0000e+00	  1.7010e-04	  1.7010e-04	  0.0000e+00	  0.0000e+00	  0.0000e+00	  0.0000e+00	     -2.2541	     -0.0000	      0.2923	      6.5502	
     4.05923	  5.0000e-03	  1.4919e-03	  1.6011e-03	  2.5435e-03	  2.0310e-06	  0.0000e+00	  0.0000e+00	  1.7937e-04	  1.7937e-04	  0.0000e+00	  0.0000e+00	  0.0000e+00	  0.0000e+00	     -2.2527	      0.0000	      0.2881	      6.5459	
     4.06215	  5.1000e-03	  1.4670e-03	  1.5947e-03	  2.5393e-03	  2.0102e-06	  0.0000e+00	  0.0000e+00	  1.8863e-04	  1.8863e-04	  0.0000e+00	  0.0000e+00	  0.0000e+00	  0.0000e+00	     -2.2513	     -0.0000	      0.2838	      6.5415	
     4.06511	  5.2000e-03	  1.4422e-03	  1.5883e-03	  2.5351e-03	  1.9894e-06	  0.0000e+00	  0.0000e+00	  1.9788e-04	  1.9788e-04	  0.0000e+00	  0.0000e+00	  0.0000e+00	  0.0000e+00	     -2.2498	      0.0000	      0.2795	      6.5371	
     4.06811	  5.3000e-03	  1.4175e-03	  1.5819e-03	  2.5309e-03	  1.9687e-06	  0.0000e+00	  0.0000e+00	  2.0712e-04	  2.0712e-04	  0.0000e+00	  0.0000e+00	  0.0000e+00	  0.0000e+00	     -2.2484	     -0.0000	      0.2751	      6.5327	
     4.07115	  5.4000e-03	  1.3929e-03	  1.5757e-03	  2.5267e-03	  1.9478e-06	  0.0000e+00	  0.0000e+00	  2.1635e-04	  2.1635e-04	  0.0000e+00	  0.0000e+00	  0.0000e+00	  0.0000e+00	     -2.2469	     -0.0000	      0.2707	      6.5282	
     4.07423	  5.5000e-03	  1.3684e-03	  1.5694e-03	  2.5225e-03	  1.9270e-06	  0.0000e+00	  0.0000e+00	  2.2557e-04	  2.2557e-04	  0.0000e+00	  0.0000e+00	  0.0000e+00	  0.0000e+00	     -2.2454	      0.0000	      0.2663	      6.5236	
     4.07736	  5.6000e-03	  1.3440e-03	  1.5632e-03	  2.5182e-03	  1.9062e-06	  0.0000e+00	  0.0000e+00	  2.3478e-04	  2.3478e-04	  0.0000e+00	  0.0000e+00	  0.0000e+00	  0.0000e+00	     -2.2439	     -0.0000	      0.2617	      6.5190	
     4.08053	  5.7000e-03	  1.3197e-03	  1.5571e-03	  2.5140e-03	  1.8854e-06	  0.0000e+00	  0.0000e+00	  2.4397e-04	  2.4397e-04	  0.0000e+00	  0.0000e+00	  0.0000e+00	  0.0000e+00	     -2.2424	      0.0000	      0.2571	      6.5143	
     4.08375	  5.8000e-03	  1.2955e-03	  1.5510e-03	  2.5097e-03	  1.8645e-06	  0.0000e+00	  0.0000e+00	  2.5315e-04	  2.5315e-04	  0.0000e+00	  0.0000e+00	  0.0000e+00	  0.0000e+00	     -2.2408	     -0.0000	      0.2525	      6.5096	
     4.08702	  5.9000e-03	  1.2715e-03	  1.5450e-03	  2.5054e-03	  1.8436e-06	  0.0000e+00	  0.0000e+00	  2.6232e-04	  2.6232e-04	  0.0000e+00	  0.0000e+00	  0.0000e+00	  0.0000e+00	     -2.2392	     -0.0000	      0.2477	      6.5048	
     4.09033	  6.0000e-03	  1.2475e-03	  1.5390e-03	  2.5010e-03	  1.8227e-06	  0.0000e+00	  0.0000e+00	  2.7147e-04	  2.7147e-04	  0.0000e+00	  0.0000e+00	  0.0000e+00	  0.0000e+00	     -2.2377	     -0.0000	      0.2430	      6.4999	
      4.0937	  6.1000e-03	  1.2237e-03	  1.5331e-03	  2.4967e-03	  1.8019e-06	  0.0000e+00	  0.0000e+00	  2.8062e-04	  2.8062e-04	  0.0000e+00	  0.0000e+00	  0.0000e+00	  0.0000e+00	     -2.2360	      0.0000	      0.2381	      6.4950	
     4.09711	  6.2000e-03	  1.1999e-03	  1.5272e-03	  2.4923e-03	  1.7810e-06	  0.0000e+00	  0.0000e+00	  2.8974e-04	  2.8974e-04	  0.0000e+00	  0.0000e+00	  0.0000e+00	  0.0000e+00	     -2.2344	      0.0000	      0.2332	      6.4900	
     4.10058	  6.3000e-03	  1.1763e-03	  1.5214e-03	  2.4879e-03	  1.7600e-06	  0.0000e+00	  0.0000e+00	  2.9886e-04	  2.9886e-04	  0.0000e+00	  0.0000e+00	  0.0000e+00	  0.0000e+00	     -2.2327	      0.0000	      0.2282	      6.4849	
      4.1041	  6.4000e-03	  1.1528e-03	  1.5157e-03	  2.4835e-03	  1.7391e-06	  0.0000e+00	  0.0000e+00	  3.0796e-04	  3.0796e-04	  0.0000e+00	  0.0000e+00	  0.0000e+00	  0.0000e+00	     -2.2310	      0.0000	      0.2231	      6.4798	
     4.10768	  6.5000e-03	  1.1295e-03	  1.5100e-03	  2.4791e-03	  1.7182e-06	  0.0000e+00	  0.0000e+00	  3.1704e-04	  3.1704e-04	  0.0000e+00	  0.0000e+00	  0.0000e+00	  0.0000e+00	     -2.2293	      0.0000	      0.2180	      6.4746	
     4.11132	  6.6000e-03	  1.1062e-03	  1.5044e-03	  2.4747e-03	  1.6972e-06	  0.0000e+00	  0.0000e+00	  3.2611e-04	  3.2611e-04	  0.0000e+00	  0.0000e+00	  0.0000e+00	  0.0000e+00	     -2.2276	      0.0000	      0.2128	      6.4694	
     4.11502	  6.7000e-03	  1.0831e-03	  1.4988e-03	  2.4702e-03	  1.6763e-06	  0.0000e+00	  0.0000e+00	  3.3516e-04	  3.3516e-04	  0.0000e+00	  0.0000e+00	  0.0000e+00	  0.0000e+00	     -2.2258	     -0.0000	      0.2075	      6.4640	
     4.11878	  6.8000e-03	  1.0600e-03	  1.4934e-03	  2.4658e-03	  1.6553e-06	  0.0000e+00	  0.0000e+00	  3.4419e-04	  3.4419e-04	  0.0000e+00	  0.0000e+00	  0.0000e+00	  0.0000e+00	     -2.2240	     -0.0000	      0.2021	      6.4586	
      4.1226	  6.9000e-03	  1.0372e-03	  1.4880e-03	  2.4613e-03	  1.6344e-06	  0.0000e+00	  0.0000e+00	  3.5321e-04	  3.5321e-04	  0.0000e+00	  0.0000e+00	  0.0000e+00	  0.0000e+00	     -2.2222	     -0.0000	      0.1966	      6.4531	
     4.12649	  7.0000e-03	  1.0144e-03	  1.4826e-03	  2.4568e-03	  1.6134e-06	  0.0000e+00	  0.0000e+00	  3.6221e-04	  3.6221e-04	  0.0000e+00	  0.0000e+00	  0.0000e+00	  0.0000e+00	     -2.2204	     -0.0000	      0.1911	      6.4475	
     4.13044	  7.1000e-03	  9.9175e-04	  1.4774e-03	  2.4523e-03	  1.5924e-06	  0.0000e+00	  0.0000e+00	  3.7120e-04	  3.7120e-04	  0.0000e+00	  0.0000e+00	  0.0000e+00	  0.0000e+00	     -2.2185	     -0.0000	      0.1854	      6.4418	
     4.13447	  7.2000e-03	  9.6924e-04	  1.4722e-03	  2.4477e-03	  1.5714e-06	  0.0000e+00	  0.0000e+00	  3.8016e-04	  3.8016e-04	  0.0000e+00	  0.0000e+00	  0.0000e+00	  0.0000e+00	     -2.2166	      0.0000	      0.1797	      6.4361	
     4.13857	  7.3000e-03	  9.4687e-04	  1.4671e-03	  2.4432e-03	  1.5504e-06	  0.0000e+00	  0.0000e+00	  3.8910e-04	  3.8910e-04	  0.0000e+00	  0.0000e+00	  0.0000e+00	  0.0000e+00	     -2.2146	     -0.0000	      0.1738	      6.4302	
     4.14274	  7.4000e-03	  9.2462e-04	  1.4620e-03	  2.4386e-03	  1.5294e-06	  0.0000e+00	  0.0000e+00	  3.9803e-04	  3.9803e-04	  0.0000e+00	  0.0000e+00	  0.0000e+00	  0.0000e+00	     -2.2126	      0.0000	      0.1679	      6.4243	
     4.14699	  7.5000e-03	  9.0251e-04	  1.4571e-03	  2.4341e-03	  1.5084e-06	  0.0000e+00	  0.0000e+00	  4.0693e-04	  4.0693e-04	  0.0000e+00	  0.0000e+00	  0.0000e+00	  0.0000e+00	     -2.2106	      0.0000	      0.1619	      6.4183	
     4.15133	  7.6000e-03	  8.8054e-04	  1.4522e-03	  2.4295e-03	  1.4874e-06	  0.0000e+00	  0.0000e+00	  4.1582e-04	  4.1582e-04	  0.0000e+00	  0.0000e+00	  0.0000e+00	  0.0000e+00	     -2.2086	      0.0000	      0.1557	      6.4121	
     4.15574	  7.7000e-03	  8.5871e-04	  1.4474e-03	  2.4249e-03	  1.4664e-06	  0.0000e+00	  0.0000e+00	  4.2468e-04	  4.2468e-04	  0.0000e+00	  0.0000e+00	  0.0000e+00	  0.0000e+00	     -2.2065	      0.0000	      0.1494	      6.4059	
     4.16024	  7.8000e-03	  8.3702e-04	  1.4427e-03	  2.4203e-03	  1.4454e-06	  0.0000e+00	  0.0000e+00	  4.3352e-04	  4.3352e-04	  0.0000e+00	  0.0000e+00	  0.0000e+00	  0.0000e+00	     -2.2044	      0.0000	      0.1431	      6.3995	
     4.16484	  7.9000e-03	  8.1548e-04	  1.4382e-03	  2.4156e-03	  1.4244e-06	  0.0000e+00	  0.0000e+00	  4.4233e-04	  4.4233e-04	  0.0000e+00	  0.0000e+00	  0.0000e+00	  0.0000e+00	     -2.2022	      0.0000	      0.1366	      6.3931	
     4.16952	  8.0000e-03	  7.9408e-04	  1.4336e-03	  2.4110e-03	  1.4034e-06	  0.0000e+00	  0.0000e+00	  4.5112e-04	  4.5112e-04	  0.0000e+00	  0.0000e+00	  0.0000e+00	  0.0000e+00	     -2.2000	     -0.0000	      0.1299	      6.3865	
     4.17431	  8.1000e-03	  7.7283e-04	  1.4292e-03	  2.4064e-03	  1.3824e-06	  0.0000e+00	  0.0000e+00	  4.5988e-04	  4.5988e-04	  0.0000e+00	  0.0000e+00	  0.0000e+00	  0.0000e+00	     -2.1977	      0.0000	      0.1232	      6.3798	
     4.17919	  8.2000e-03	  7.5173e-04	  1.4249e-03	  2.4017e-03	  1.3613e-06	  0.0000e+00	  0.0000e+00	  4.6862e-04	  4.6862e-04	  0.0000e+00	  0.0000e+00	  0.0000e+00	  0.0000e+00	     -2.1954	      0.0000	      0.1163	      6.3729	
     4.18418	  8.3000e-03	  7.3078e-04	  1.4207e-03	  2.3970e-03	  1.3403e-06	  0.0000e+00	  0.0000e+00	  4.7733e-04	  4.7733e-04	  0.0000e+00	  0.0000e+00	  0.0000e+00	  0.0000e+00	     -2.1931	      0.0000	      0.1093	      6.3660	
     4.18928	  8.4000e-03	  7.0999e-04	  1.4167e-03	  2.3924e-03	  1.3193e-06	  0.0000e+00	  0.0000e+00	  4.8601e-04	  4.8601e-04	  0.0000e+00	  0.0000e+00	  0.0000e+00	  0.0000e+00	     -2.1907	      0.0000	      0.1021	      6.3589	
     4.19449	  8.5000e-03	  6.8936e-04	  1.4127e-03	  2.3877e-03	  1.2983e-06	  0.0000e+00	  0.0000e+00	  4.9466e-04	  4.9466e-04	  0.0000e+00	  0.0000e+00	  0.0000e+00	  0.0000e+00	     -2.1883	      0.0000	      0.0948	      6.3517	
     4.19982	  8.6000e-03	  6.6888e-04	  1.4088e-03	  2.3830e-03	  1.2774e-06	  0.0000e+00	  0.0000e+00	  5.0328e-04	  5.0328e-04	  0.0000e+00	  0.0000e+00	  0.0000e+00	  0.0000e+00	     -2.1858	     -0.0000	      0.0873	      6.3443	
     4.20528	  8.7000e-03	  6.4858e-04	  1.4051e-03	  2.3783e-03	  1.2564e-06	  0.0000e+00	  0.0000e+00	  5.1187e-04	  5.1187e-04	  0.0000e+00	  0.0000e+00	  0.0000e+00	  0.0000e+00	     -2.1832	      0.0000	      0.0796	      6.3367	
     4.21087	  8.8000e-03	  6.2844e-04	  1.4015e-03	  2.3736e-03	  1.2354e-06	  0.0000e+00	  0.0000e+00	  5.2042e-04	  5.2042e-04	  0.0000e+00	  0.0000e+00	  0.0000e+00	  0.0000e+00	     -2.1806	      0.0000	      0.0718	      6.3290	
     4.21659	  8.9000e-03	  6.0848e-04	  1.3980e-03	  2.3690e-03	  1.2144e-06	  0.0000e+00	  0.0000e+00	  5.2894e-04	  5.2894e-04	  0.0000e+00	  0.0000e+00	  0.0000e+00	  0.0000e+00	     -2.1779	      0.0000	      0.0638	      6.3212	
     4.22246	  9.0000e-03	  5.8868e-04	  1.3946e-03	  2.3643e-03	  1.1935e-06	  0.0000e+00	  0.0000e+00	  5.3742e-04	  5.3742e-04	  0.0000e+00	  0.0000e+00	  0.0000e+00	  0.0000e+00	     -2.1752	      0.0000	      0.0556	      6.3131	
     4.22847	  9.1000e-03	  5.6907e-04	  1.3914e-03	  2.3596e-03	  1.1726e-06	  0.0000e+00	  0.0000e+00	  5.4586e-04	  5.4586e-04	  0.0000e+00	  0.0000e+00	  0.0000e+00	  0.0000e+00	     -2.1724	      0.0000	      0.0472	      6.3049	
     4.23464	  9.2000e-03	  5.4964e-04	  1.3883e-03	  2.3549e-03	  1.1517e-06	  0.0000e+00	  0.0000e+00	  5.5425e-04	  5.5425e-04	  0.0000e+00	  0.0000e+00	  0.0000e+00	  0.0000e+00	     -2.1695	     -0.0000	      0.0386	      6.2965	
     4.24098	  9.3000e-03	  5.3040e-04	  1.3854e-03	  2.3502e-03	  1.1308e-06	  0.0000e+00	  0.0000e+00	  5.6261e-04	  5.6261e-04	  0.0000e+00	  0.0000e+00	  0.0000e+00	  0.0000e+00	     -2.1666	      0.0000	      0.0298	      6.2878	
     4.24748	  9.4000e-03	  5.1135e-04	  1.3827e-03	  2.3455e-03	  1.1099e-06	  0.0000e+00	  0.0000e+00	  5.7092e-04	  5.7092e-04	  0.0000e+00	  0.0000e+00	  0.0000e+00	  0.0000e+00	     -2.1636	      0.0000	      0.0207	      6.2790	
     4.25417	  9.5000e-03	  4.9249e-04	  1.3801e-03	  2.3409e-03	  1.0890e-06	  0.0000e+00	  0.0000e+00	  5.7918e-04	  5.7918e-04	  0.0000e+00	  0.0000e+00	  0.0000e+00	  0.0000e+00	     -2.1605	      0.0000	      0.0114	      6.2699	
     4.26106	  9.6000e-03	  4.7383e-04	  1.3777e-03	  2.3362e-03	  1.0682e-06	  0.0000e+00	  0.0000e+00	  5.8740e-04	  5.8740e-04	  0.0000e+00	  0.0000e+00	  0.0000e+00	  0.0000e+00	     -2.1573	     -0.0000	      0.0018	      6.2606	
     4.26814	  9.7000e-03	  4.5538e-04	  1.3754e-03	  2.3316e-03	  1.0475e-06	  0.0000e+00	  0.0000e+00	  5.9556e-04	  5.9556e-04	  0.0000e+00	  0.0000e+00	  0.0000e+00	  0.0000e+00	     -2.1540	      0.0000	     -0.0080	      6.2511	
     4.27543	  9.8000e-03	  4.3714e-04	  1.3734e-03	  2.3269e-03	  1.0267e-06	  0.0000e+00	  0.0000e+00	  6.0366e-04	  6.0366e-04	  0.0000e+00	  0.0000e+00	  0.0000e+00	  0.0000e+00	     -2.1506	      0.0000	     -0.0181	      6.2413	
     4.28295	  9.9000e-03	  4.1912e-04	  1.3715e-03	  2.3223e-03	  1.0060e-06	  0.0000e+00	  0.0000e+00	  6.1171e-04	  6.1171e-04	  0.0000e+00	  0.0000e+00	  0.0000e+00	  0.0000e+00	     -2.1471	     -0.0000	     -0.0286	      6.2312	
     4.29071	  1.0000e-02	  4.0133e-04	  1.3699e-03	  2.3178e-03	  9.8536e-07	  0.0000e+00	  0.0000e+00	  6.1969e-04	  6.1969e-04	  0.0000e+00	  0.0000e+00	  0.0000e+00	  0.0000e+00	     -2.1436	      0.0000	     -0.0393	      6.2208	
     4.29872	  1.0100e-02	  3.8376e-04	  1.3684e-03	  2.3132e-03	  9.6475e-07	  0.0000e+00	  0.0000e+00	  6.2760e-04	  6.2760e-04	  0.0000e+00	  0.0000e+00	  0.0000e+00	  0.0000e+00	     -2.1399	      0.0000	     -0.0504	      6.2100	
       4.307	  1.0200e-02	  3.6643e-04	  1.3672e-03	  2.3087e-03	  9.4421e-07	  0.0000e+00	  0.0000e+00	  6.3545e-04	  6.3545e-04	  0.0000e+00	  0.0000e+00	  0.0000e+00	  0.0000e+00	     -2.1361	      0.0000	     -0.0618	      6.1990	
     4.31556	  1.0300e-02	  3.4935e-04	  1.3662e-03	  2.3042e-03	  9.2374e-07	  0.0000e+00	  0.0000e+00	  6.4322e-04	  6.4322e-04	  0.0000e+00	  0.0000e+00	  0.0000e+00	  0.0000e+00	     -2.1321	     -0.0000	     -0.0737	      6.1876	
     4.32442	  1.0400e-02	  3.3252e-04	  1.3655e-03	  2.2998e-03	  9.0334e-07	  0.0000e+00	  0.0000e+00	  6.5091e-04	  6.5091e-04	  0.0000e+00	  0.0000e+00	  0.0000e+00	  0.0000e+00	     -2.1280	      0.0000	     -0.0859	      6.1758	
      4.3336	  1.0500e-02	  3.1596e-04	  1.3650e-03	  2.2954e-03	  8.8303e-07	  0.0000e+00	  0.0000e+00	  6.5851e-04	  6.5851e-04	  0.0000e+00	  0.0000e+00	  0.0000e+00	  0.0000e+00	     -2.1238	      0.0000	     -0.0986	      6.1636	
     4.34312	  1.0600e-02	  2.9967e-04	  1.3648e-03	  2.2910e-03	  8.6281e-07	  0.0000e+00	  0.0000e+00	  6.6603e-04	  6.6603e-04	  0.0000e+00	  0.0000e+00	  0.0000e+00	  0.0000e+00	     -2.1194	      0.0000	     -0.1117	      6.1510	
       4.353	  1.0700e-02	  2.8367e-04	  1.3649e-03	  2.2867e-03	  8.4270e-07	  0.0000e+00	  0.0000e+00	  6.7344e-04	  6.7344e-04	  0.0000e+00	  0.0000e+00	  0.0000e+00	  0.0000e+00	     -2.1149	      0.0000	     -0.1253	      6.1379	
     4.36327	  1.0800e-02	  2.6796e-04	  1.3653e-03	  2.2825e-03	  8.2272e-07	  0.0000e+00	  0.0000e+00	  6.8076e-04	  6.8076e-04	  0.0000e+00	  0.0000e+00	  0.0000e+00	  0.0000e+00	     -2.1102	      0.0000	     -0.1395	      6.1243	
     4.37395	  1.0900e-02	  2.5257e-04	  1.3660e-03	  2.2783e-03	  8.0287e-07	  0.0000e+00	  0.0000e+00	  6.8796e-04	  6.8796e-04	  0.0000e+00	  0.0000e+00	  0.0000e+00	  0.0000e+00	     -2.1053	      0.0000	     -0.1542	      6.1102	
     4.38507	  1.1000e-02	  2.3750e-04	  1.3671e-03	  2.2743e-03	  7.8317e-07	  0.0000e+00	  0.0000e+00	  6.9504e-04	  6.9504e-04	  0.0000e+00	  0.0000e+00	  0.0000e+00	  0.0000e+00	     -2.1001	     -0.0000	     -0.1696	      6.0955	
     4.39666	  1.1100e-02	  2.2277e-04	  1.3685e-03	  2.2703e-03	  7.6365e-07	  0.0000e+00	  0.0000e+00	  7.0199e-04	  7.0199e-04	  0.0000e+00	  0.0000e+00	  0.0000e+00	  0.0000e+00	     -2.0948	     -0.0000	     -0.1855	      6.0803	
     4.40875	  1.1200e-02	  2.0839e-04	  1.3702e-03	  2.2664e-03	  7.4433e-07	  0.0000e+00	  0.0000e+00	  7.0881e-04	  7.0881e-04	  0.0000e+00	  0.0000e+00	  0.0000e+00	  0.0000e+00	     -2.0893	      0.0000	     -0.2022	      6.0643	
     4.42138	  1.1300e-02	  1.9439e-04	  1.3724e-03	  2.2626e-03	  7.2524e-07	  0.0000e+00	  0.0000e+00	  7.1548e-04	  7.1548e-04	  0.0000e+00	  0.0000e+00	  0.0000e+00	  0.0000e+00	     -2.0835	      0.0000	     -0.2196	      6.0477	
     4.43457	  1.1400e-02	  1.8078e-04	  1.3749e-03	  2.2589e-03	  7.0640e-07	  0.0000e+00	  0.0000e+00	  7.2199e-04	  7.2199e-04	  0.0000e+00	  0.0000e+00	  0.0000e+00	  0.0000e+00	     -2.0774	      0.0000	     -0.2378	      6.0304	
     4.44838	  1.1500e-02	  1.6758e-04	  1.3779e-03	  2.2553e-03	  6.8785e-07	  0.0000e+00	  0.0000e+00	  7.2832e-04	  7.2832e-04	  0.0000e+00	  0.0000e+00	  0.0000e+00	  0.0000e+00	     -2.0710	     -0.0000	     -0.2569	      6.0122	
     4.46282	  1.1600e-02	  1.5482e-04	  1.3813e-03	  2.2519e-03	  6.6963e-07	  0.0000e+00	  0.0000e+00	  7.3448e-04	  7.3448e-04	  0.0000e+00	  0.0000e+00	  0.0000e+00	  0.0000e+00	     -2.0644	      0.0000	     -0.2768	      5.9932	
      4.4779	  1.1700e-02	  1.4257e-04	  1.3851e-03	  2.2487e-03	  6.5185e-07	  0.0000e+00	  0.0000e+00	  7.4041e-04	  7.4041e-04	  0.0000e+00	  0.0000e+00	  0.0000e+00	  0.0000e+00	     -2.0575	     -0.0000	     -0.2976	      5.9733	
     4.49369	  1.1800e-02	  1.3079e-04	  1.3894e-03	  2.2456e-03	  6.3449e-07	  0.0000e+00	  0.0000e+00	  7.4613e-04	  7.4613e-04	  0.0000e+00	  0.0000e+00	  0.0000e+00	  0.0000e+00	     -2.0502	      0.0000	     -0.3195	      5.9525	
     4.51024	  1.1900e-02	  1.1952e-04	  1.3941e-03	  2.2427e-03	  6.1759e-07	  0.0000e+00	  0.0000e+00	  7.5163e-04	  7.5163e-04	  0.0000e+00	  0.0000e+00	  0.0000e+00	  0.0000e+00	     -2.0425	      0.0000	     -0.3424	      5.9306	
     4.52757	  1.2000e-02	  1.0878e-04	  1.3993e-03	  2.2399e-03	  6.0123e-07	  0.0000e+00	  0.0000e+00	  7.5689e-04	  7.5689e-04	  0.0000e+00	  0.0000e+00	  0.0000e+00	  0.0000e+00	     -2.0345	     -0.0000	     -0.3664	      5.9077	
     4.54572	  1.2100e-02	  9.8589e-05	  1.4049e-03	  2.2374e-03	  5.8545e-07	  0.0000e+00	  0.0000e+00	  7.6190e-04	  7.6190e-04	  0.0000e+00	  0.0000e+00	  0.0000e+00	  0.0000e+00	     -2.0261	     -0.0000	     -0.3917	      5.8836	
     4.56471	  1.2200e-02	  8.8975e-05	  1.4111e-03	  2.2351e-03	  5.7033e-07	  0.0000e+00	  0.0000e+00	  7.6663e-04	  7.6663e-04	  0.0000e+00	  0.0000e+00	  0.0000e+00	  0.0000e+00	     -2.0173	     -0.0000	     -0.4181	      5.8584	
     4.58454	  1.2300e-02	  7.9959e-05	  1.4176e-03	  2.2330e-03	  5.5594e-07	  0.0000e+00	  0.0000e+00	  7.7109e-04	  7.7109e-04	  0.0000e+00	  0.0000e+00	  0.0000e+00	  0.0000e+00	     -2.0081	      0.0000	     -0.4457	      5.8320	
     4.60522	  1.2400e-02	  7.1558e-05	  1.4245e-03	  2.2311e-03	  5.4236e-07	  0.0000e+00	  0.0000e+00	  7.7525e-04	  7.7525e-04	  0.0000e+00	  0.0000e+00	  0.0000e+00	  0.0000e+00	     -1.9985	      0.0000	     -0.4746	      5.8044	
     4.62671	  1.2500e-02	  6.3784e-05	  1.4318e-03	  2.2295e-03	  5.2964e-07	  0.0000e+00	  0.0000e+00	  7.7911e-04	  7.7911e-04	  0.0000e+00	  0.0000e+00	  0.0000e+00	  0.0000e+00	     -1.9884	     -0.0000	     -0.5047	      5.7756	
       4.649	  1.2600e-02	  5.6644e-05	  1.4394e-03	  2.2281e-03	  5.1786e-07	  0.0000e+00	  0.0000e+00	  7.8267e-04	  7.8267e-04	  0.0000e+00	  0.0000e+00	  0.0000e+00	  0.0000e+00	     -1.9780	      0.0000	     -0.5359	      5.7456	
       4.672	  1.2700e-02	  5.0137e-05	  1.4473e-03	  2.2270e-03	  5.0709e-07	  0.0000e+00	  0.0000e+00	  7.8591e-04	  7.8591e-04	  0.0000e+00	  0.0000e+00	  0.0000e+00	  0.0000e+00	     -1.9672	     -0.0000	     -0.5683	      5.7146	
     4.69565	  1.2800e-02	  4.4254e-05	  1.4553e-03	  2.2261e-03	  4.9736e-07	  0.0000e+00	  0.0000e+00	  7.8885e-04	  7.8885e-04	  0.0000e+00	  0.0000e+00	  0.0000e+00	  0.0000e+00	     -1.9561	     -0.0000	     -0.6016	      5.6825	
     4.71984	  1.2900e-02	  3.8975e-05	  1.4635e-03	  2.2255e-03	  4.8873e-07	  0.0000e+00	  0.0000e+00	  7.9150e-04	  7.9150e-04	  0.0000e+00	  0.0000e+00	  0.0000e+00	  0.0000e+00	     -1.9447	     -0.0000	     -0.6358	      5.6496	
     4.74446	  1.3000e-02	  3.4274e-05	  1.4717e-03	  2.2250e-03	  4.8121e-07	  0.0000e+00	  0.0000e+00	  7.9386e-04	  7.9386e-04	  0.0000e+00	  0.0000e+00	  0.0000e+00	  0.0000e+00	     -1.9331	      0.0000	     -0.6707	      5.6160	
     4.76937	  1.3100e-02	  3.0118e-05	  1.4798e-03	  2.2248e-03	  4.7483e-07	  0.0000e+00	  0.0000e+00	  7.9594e-04	  7.9594e-04	  0.0000e+00	  0.0000e+00	  0.0000e+00	  0.0000e+00	     -1.9213	      0.0000	     -0.7061	      5.5819	
     4.79444	  1.3200e-02	  2.6467e-05	  1.4879e-03	  2.2248e-03	  4.6958e-07	  0.0000e+00	  0.0000e+00	  7.9778e-04	  7.9778e-04	  0.0000e+00	  0.0000e+00	  0.0000e+00	  0.0000e+00	     -1.9094	     -0.0000	     -0.7418	      5.5473	
     4.81955	  1.3300e-02	  2.3276e-05	  1.4957e-03	  2.2249e-03	  4.6544e-07	  0.0000e+00	  0.0000e+00	  7.9939e-04	  7.9939e-04	  0.0000e+00	  0.0000e+00	  0.0000e+00	  0.0000e+00	     -1.8975	      0.0000	     -0.7776	      5.5126	
     4.84455	  1.3400e-02	  2.0500e-05	  1.5034e-03	  2.2252e-03	  4.6241e-07	  0.0000e+00	  0.0000e+00	  8.0078e-04	  8.0078e-04	  0.0000e+00	  0.0000e+00	  0.0000e+00	  0.0000e+00	     -1.8855	      0.0000	     -0.8134	      5.4779	
     4.86935	  1.3500e-02	  1.8094e-05	  1.5108e-03	  2.2256e-03	  4.6046e-07	  0.0000e+00	  0.0000e+00	  8.0200e-04	  8.0200e-04	  0.0000e+00	  0.0000e+00	  0.0000e+00	  0.0000e+00	     -1.8737	     -0.0000	     -0.8490	      5.4434	
     4.89382	  1.3600e-02	  1.6013e-05	  1.5179e-03	  2.2262e-03	  4.5956e-07	  0.0000e+00	  0.0000e+00	  8.0305e-04	  8.0305e-04	  0.0000e+00	  0.0000e+00	  0.0000e+00	  0.0000e+00	     -1.8620	      0.0000	     -0.8841	      5.4092	
     4.91789	  1.3700e-02	  1.4214e-05	  1.5247e-03	  2.2268e-03	  4.5970e-07	  0.0000e+00	  0.0000e+00	  8.0396e-04	  8.0396e-04	  0.0000e+00	  0.0000e+00	  0.0000e+00	  0.0000e+00	     -1.8504	      0.0000	     -0.9188	      5.3754	
      4.9415	  1.3800e-02	  1.2662e-05	  1.5312e-03	  2.2275e-03	  4.6085e-07	  0.0000e+00	  0.0000e+00	  8.0474e-04	  8.0474e-04	  0.0000e+00	  0.0000e+00	  0.0000e+00	  0.0000e+00	     -1.8391	      0.0000	     -0.9528	      5.3422	
     4.96458	  1.3900e-02	  1.1320e-05	  1.5375e-03	  2.2283e-03	  4.6301e-07	  0.0000e+00	  0.0000e+00	  8.0542e-04	  8.0542e-04	  0.0000e+00	  0.0000e+00	  0.0000e+00	  0.0000e+00	     -1.8279	      0.0000	     -0.9862	      5.3097	
      4.9871	  1.4000e-02	  1.0159e-05	  1.5434e-03	  2.2292e-03	  4.6617e-07	  0.0000e+00	  0.0000e+00	  8.0601e-04	  8.0601e-04	  0.0000e+00	  0.0000e+00	  0.0000e+00	  0.0000e+00	     -1.8171	      0.0000	     -1.0188	      5.2778	
     5.00904	  1.4100e-02	  9.1538e-06	  1.5490e-03	  2.2301e-03	  4.7035e-07	  0.0000e+00	  0.0000e+00	  8.0652e-04	  8.0652e-04	  0.0000e+00	  0.0000e+00	  0.0000e+00	  0.0000e+00	     -1.8065	      0.0000	     -1.0506	      5.2467	
     5.03037	  1.4200e-02	  8.2803e-06	  1.5544e-03	  2.2311e-03	  4.7556e-07	  0.0000e+00	  0.0000e+00	  8.0696e-04	  8.0696e-04	  0.0000e+00	  0.0000e+00	  0.0000e+00	  0.0000e+00	     -1.7961	      0.0000	     -1.0816	      5.2164	
     5.05111	  1.4300e-02	  7.5196e-06	  1.5595e-03	  2.2321e-03	  4.8184e-07	  0.0000e+00	  0.0000e+00	  8.0735e-04	  8.0735e-04	  0.0000e+00	  0.0000e+00	  0.0000e+00	  0.0000e+00	     -1.7861	      0.0000	     -1.1117	      5.1869	
     5.07124	  1.4400e-02	  6.8552e-06	  1.5643e-03	  2.2331e-03	  4.8921e-07	  0.0000e+00	  0.0000e+00	  8.0768e-04	  8.0768e-04	  0.0000e+00	  0.0000e+00	  0.0000e+00	  0.0000e+00	     -1.7763	      0.0000	     -1.1410	      5.1582	
     5.09078	  1.4500e-02	  6.2731e-06	  1.5689e-03	  2.2341e-03	  4.9774e-07	  0.0000e+00	  0.0000e+00	  8.0798e-04	  8.0798e-04	  0.0000e+00	  0.0000e+00	  0.0000e+00	  0.0000e+00	     -1.7668	     -0.0000	     -1.1695	      5.1302	
     5.10974	  1.4600e-02	  5.7615e-06	  1.5734e-03	  2.2352e-03	  5.0749e-07	  0.0000e+00	  0.0000e+00	  8.0824e-04	  8.0824e-04	  0.0000e+00	  0.0000e+00	  0.0000e+00	  0.0000e+00	     -1.7576	      0.0000	     -1.1971	      5.1031	
     5.12813	  1.4700e-02	  5.3104e-06	  1.5776e-03	  2.2363e-03	  5.1851e-07	  0.0000e+00	  0.0000e+00	  8.0847e-04	  8.0847e-04	  0.0000e+00	  0.0000e+00	  0.0000e+00	  0.0000e+00	     -1.7487	     -0.0000	     -1.2240	      5.0767	
     5.14598	  1.4800e-02	  4.9112e-06	  1.5816e-03	  2.2374e-03	  5.3090e-07	  0.0000e+00	  0.0000e+00	  8.0867e-04	  8.0867e-04	  0.0000e+00	  0.0000e+00	  0.0000e+00	  0.0000e+00	     -1.7400	      0.0000	     -1.2500	      5.0511	
      5.1633	  1.4900e-02	  4.5569e-06	  1.5855e-03	  2.2385e-03	  5.4474e-07	  0.0000e+00	  0.0000e+00	  8.0885e-04	  8.0885e-04	  0.0000e+00	  0.0000e+00	  0.0000e+00	  0.0000e+00	     -1.7316	     -0.0000	     -1.2753	      5.0262	
      5.1801	  1.5000e-02	  4.2413e-06	  1.5892e-03	  2.2396e-03	  5.6013e-07	  0.0000e+00	  0.0000e+00	  8.0901e-04	  8.0901e-04	  0.0000e+00	  0.0000e+00	  0.0000e+00	  0.0000e+00	     -1.7234	     -0.0000	     -1.2999	      5.0020	
     5.19642	  1.5100e-02	  3.9593e-06	  1.5928e-03	  2.2407e-03	  5.7719e-07	  0.0000e+00	  0.0000e+00	  8.0915e-04	  8.0915e-04	  0.0000e+00	  0.0000e+00	  0.0000e+00	  0.0000e+00	     -1.7154	     -0.0000	     -1.3238	      4.9785	
     5.21226	  1.5200e-02	  3.7065e-06	  1.5962e-03	  2.2418e-03	  5.9601e-07	  0.0000e+00	  0.0000e+00	  8.0928e-04	  8.0928e-04	  0.0000e+00	  0.0000e+00	  0.0000e+00	  0.0000e+00	     -1.7077	     -0.0000	     -1.3470	      4.9556	
     5.22765	  1.5300e-02	  3.4792e-06	  1.5995e-03	  2.2430e-03	  6.1675e-07	  0.0000e+00	  0.0000e+00	  8.0940e-04	  8.0940e-04	  0.0000e+00	  0.0000e+00	  0.0000e+00	  0.0000e+00	     -1.7001	      0.0000	     -1.3696	      4.9334	
     5.24261	  1.5400e-02	  3.2742e-06	  1.6027e-03	  2.2441e-03	  6.3952e-07	  0.0000e+00	  0.0000e+00	  8.0950e-04	  8.0950e-04	  0.0000e+00	  0.0000e+00	  0.0000e+00	  0.0000e+00	     -1.6928	      0.0000	     -1.3915	      4.9118	
     5.25716	  1.5500e-02	  3.0889e-06	  1.6058e-03	  2.2453e-03	  6.6448e-07	  0.0000e+00	  0.0000e+00	  8.0960e-04	  8.0960e-04	  0.0000e+00	  0.0000e+00	  0.0000e+00	  0.0000e+00	     -1.6857	      0.0000	     -1.4129	      4.8907	
     5.27131	  1.5600e-02	  2.9207e-06	  1.6087e-03	  2.2464e-03	  6.9177e-07	  0.0000e+00	  0.0000e+00	  8.0968e-04	  8.0968e-04	  0.0000e+00	  0.0000e+00	  0.0000e+00	  0.0000e+00	     -1.6788	      0.0000	     -1.4336	      4.8703	
     5.28508	  1.5700e-02	  2.7678e-06	  1.6116e-03	  2.2476e-03	  7.2156e-07	  0.0000e+00	  0.0000e+00	  8.0976e-04	  8.0976e-04	  0.0000e+00	  0.0000e+00	  0.0000e+00	  0.0000e+00	     -1.6721	      0.0000	     -1.4538	      4.8503	
     5.29849	  1.5800e-02	  2.6284e-06	  1.6144e-03	  2.2487e-03	  7.5402e-07	  0.0000e+00	  0.0000e+00	  8.0983e-04	  8.0983e-04	  0.0000e+00	  0.0000e+00	  0.0000e+00	  0.0000e+00	     -1.6655	     -0.0000	     -1.4735	      4.8309	
     5.31155	  1.5900e-02	  2.5010e-06	  1.6172e-03	  2.2499e-03	  7.8932e-07	  0.0000e+00	  0.0000e+00	  8.0989e-04	  8.0989e-04	  0.0000e+00	  0.0000e+00	  0.0000e+00	  0.0000e+00	     -1.6591	     -0.0000	     -1.4927	      4.8119	
     5.32428	  1.6000e-02	  2.3842e-06	  1.6198e-03	  2.2511e-03	  8.2766e-07	  0.0000e+00	  0.0000e+00	  8.0995e-04	  8.0995e-04	  0.0000e+00	  0.0000e+00	  0.0000e+00	  0.0000e+00	     -1.6529	     -0.0000	     -1.5114	      4.7935	
     5.33669	  1.6100e-02	  2.2770e-06	  1.6224e-03	  2.2523e-03	  8.6923e-07	  0.0000e+00	  0.0000e+00	  8.1001e-04	  8.1001e-04	  0.0000e+00	  0.0000e+00	  0.0000e+00	  0.0000e+00	     -1.6468	     -0.0000	     -1.5297	      4.7754	
      5.3488	  1.6200e-02	  2.1783e-06	  1.6249e-03	  2.2534e-03	  9.1422e-07	  0.0000e+00	  0.0000e+00	  8.1006e-04	  8.1006e-04	  0.0000e+00	  0.0000e+00	  0.0000e+00	  0.0000e+00	     -1.6408	      0.0000	     -1.5475	      4.7578	
     5.36061	  1.6300e-02	  2.0873e-06	  1.6273e-03	  2.2546e-03	  9.6284e-07	  0.0000e+00	  0.0000e+00	  8.1010e-04	  8.1010e-04	  0.0000e+00	  0.0000e+00	  0.0000e+00	  0.0000e+00	     -1.6350	      0.0000	     -1.5649	      4.7407	
     5.37215	  1.6400e-02	  2.0031e-06	  1.6297e-03	  2.2558e-03	  1.0153e-06	  0.0000e+00	  0.0000e+00	  8.1015e-04	  8.1015e-04	  0.0000e+00	  0.0000e+00	  0.0000e+00	  0.0000e+00	     -1.6294	      0.0000	     -1.5819	      4.7239	
     5.38341	  1.6500e-02	  1.9252e-06	  1.6321e-03	  2.2570e-03	  1.0719e-06	  0.0000e+00	  0.0000e+00	  8.1018e-04	  8.1018e-04	  0.0000e+00	  0.0000e+00	  0.0000e+00	  0.0000e+00	     -1.6239	      0.0000	     -1.5984	      4.7075	
     5.39442	  1.6600e-02	  1.8529e-06	  1.6343e-03	  2.2582e-03	  1.1327e-06	  0.0000e+00	  0.0000e+00	  8.1022e-04	  8.1022e-04	  0.0000e+00	  0.0000e+00	  0.0000e+00	  0.0000e+00	     -1.6184	      0.0000	     -1.6147	      4.6915	
     5.40519	  1.6700e-02	  1.7856e-06	  1.6366e-03	  2.2594e-03	  1.1981e-06	  0.0000e+00	  0.0000e+00	  8.1026e-04	  8.1026e-04	  0.0000e+00	  0.0000e+00	  0.0000e+00	  0.0000e+00	     -1.6132	     -0.0000	     -1.6305	      4.6758	
     5.41571	  1.6800e-02	  1.7231e-06	  1.6387e-03	  2.2606e-03	  1.2682e-06	  0.0000e+00	  0.0000e+00	  8.1029e-04	  8.1029e-04	  0.0000e+00	  0.0000e+00	  0.0000e+00	  0.0000e+00	     -1.6080	     -0.0000	     -1.6460	      4.6604	
     5.42601	  1.6900e-02	  1.6647e-06	  1.6409e-03	  2.2618e-03	  1.3434e-06	  0.0000e+00	  0.0000e+00	  8.1032e-04	  8.1032e-04	  0.0000e+00	  0.0000e+00	  0.0000e+00	  0.0000e+00	     -1.6029	      0.0000	     -1.6612	      4.6454	
     5.43608	  1.7000e-02	  1.6101e-06	  1.6430e-03	  2.2630e-03	  1.4237e-06	  0.0000e+00	  0.0000e+00	  8.1034e-04	  8.1034e-04	  0.0000e+00	  0.0000e+00	  0.0000e+00	  0.0000e+00	     -1.5980	      0.0000	     -1.6760	      4.6307	
     5.44595	  1.7100e-02	  1.5591e-06	  1.6450e-03	  2.2642e-03	  1.5096e-06	  0.0000e+00	  0.0000e+00	  8.1037e-04	  8.1037e-04	  0.0000e+00	  0.0000e+00	  0.0000e+00	  0.0000e+00	     -1.5931	     -0.0000	     -1.6906	      4.6163	
     5.45561	  1.7200e-02	  1.5113e-06	  1.6470e-03	  2.2654e-03	  1.6013e-06	  0.0000e+00	  0.0000e+00	  8.1039e-04	  8.1039e-04	  0.0000e+00	  0.0000e+00	  0.0000e+00	  0.0000e+00	     -1.5884	      0.0000	     -1.7048	      4.6022	
     5.46412	  1.7300e-02	  1.4708e-06	  1.6488e-03	  2.2634e-03	  1.5856e-06	  0.0000e+00	  0.0000e+00	  8.1041e-04	  8.1041e-04	  0.0000e+00	  0.0000e+00	  0.0000e+00	  0.0000e+00	     -1.5842	     -0.0000	     -1.7174	      4.5898	
     5.47229	  1.7400e-02	  1.4334e-06	  1.6505e-03	  2.2607e-03	  1.5464e-06	  0.0000e+00	  0.0000e+00	  8.1043e-04	  8.1043e-04	  0.0000e+00	  0.0000e+00	  0.0000e+00	  0.0000e+00	     -1.5802	     -0.0000	     -1.7294	      4.5779	
     5.48037	  1.7500e-02	  1.3977e-06	  1.6521e-03	  2.2582e-03	  1.5101e-06	  0.0000e+00	  0.0000e+00	  8.1045e-04	  8.1045e-04	  0.0000e+00	  0.0000e+00	  0.0000e+00	  0.0000e+00	     -1.5762	      0.0000	     -1.7413	      4.5661	
     5.48835	  1.7600e-02	  1.3637e-06	  1.6538e-03	  2.2558e-03	  1.4764e-06	  0.0000e+00	  0.0000e+00	  8.1047e-04	  8.1047e-04	  0.0000e+00	  0.0000e+00	  0.0000e+00	  0.0000e+00	     -1.5723	      0.0000	     -1.7530	      4.5545	
     5.49624	  1.7700e-02	  1.3312e-06	  1.6554e-03	  2.2536e-03	  1.4451e-06	  0.0000e+00	  0.0000e+00	  8.1048e-04	  8.1048e-04	  0.0000e+00	  0.0000e+00	  0.0000e+00	  0.0000e+00	     -1.5685	      0.0000	     -1.7646	      4.5429	
     5.50404	  1.7800e-02	  1.3002e-06	  1.6570e-03	  2.2515e-03	  1.4161e-06	  0.0000e+00	  0.0000e+00	  8.1050e-04	  8.1050e-04	  0.0000e+00	  0.0000e+00	  0.0000e+00	  0.0000e+00	     -1.5646	     -0.0000	     -1.7761	      4.5316	
     5.51175	  1.7900e-02	  1.2706e-06	  1.6586e-03	  2.2496e-03	  1.3890e-06	  0.0000e+00	  0.0000e+00	  8.1051e-04	  8.1051e-04	  0.0000e+00	  0.0000e+00	  0.0000e+00	  0.0000e+00	     -1.5608	      0.0000	     -1.7875	      4.5203	
     5.51938	  1.8000e-02	  1.2422e-06	  1.6602e-03	  2.2478e-03	  1.3638e-06	  0.0000e+00	  0.0000e+00	  8.1053e-04	  8.1053e-04	  0.0000e+00	  0.0000e+00	  0.0000e+00	  0.0000e+00	     -1.5571	     -0.0000	     -1.7987	      4.5091	
     5.52692	  1.8100e-02	  1.2151e-06	  1.6618e-03	  2.2462e-03	  1.3404e-06	  0.0000e+00	  0.0000e+00	  8.1054e-04	  8.1054e-04	  0.0000e+00	  0.0000e+00	  0.0000e+00	  0.0000e+00	     -1.5534	     -0.0000	     -1.8098	      4.4981	
     5.53438	  1.8200e-02	  1.1892e-06	  1.6634e-03	  2.2446e-03	  1.3185e-06	  0.0000e+00	  0.0000e+00	  8.1055e-04	  8.1055e-04	  0.0000e+00	  0.0000e+00	  0.0000e+00	  0.0000e+00	     -1.5497	      0.0000	     -1.8208	      4.4872	
     5.54176	  1.8300e-02	  1.1644e-06	  1.6650e-03	  2.2433e-03	  1.2980e-06	  0.0000e+00	  0.0000e+00	  8.1057e-04	  8.1057e-04	  0.0000e+00	  0.0000e+00	  0.0000e+00	  0.0000e+00	     -1.5461	     -0.0000	     -1.8317	      4.4764	
     5.54905	  1.8400e-02	  1.1406e-06	  1.6665e-03	  2.2420e-03	  1.2789e-06	  0.0000e+00	  0.0000e+00	  8.1058e-04	  8.1058e-04	  0.0000e+00	  0.0000e+00	  0.0000e+00	  0.0000e+00	     -1.5425	      0.0000	     -1.8425	      4.4657	
     5.55626	  1.8500e-02	  1.1178e-06	  1.6680e-03	  2.2409e-03	  1.2610e-06	  0.0000e+00	  0.0000e+00	  8.1059e-04	  8.1059e-04	  0.0000e+00	  0.0000e+00	  0.0000e+00	  0.0000e+00	     -1.5390	      0.0000	     -1.8531	      4.4552	
      5.5634	  1.8600e-02	  1.0960e-06	  1.6696e-03	  2.2399e-03	  1.2443e-06	  0.0000e+00	  0.0000e+00	  8.1060e-04	  8.1060e-04	  0.0000e+00	  0.0000e+00	  0.0000e+00	  0.0000e+00	     -1.5355	     -0.0000	     -1.8636	      4.4447	
     5.57045	  1.8700e-02	  1.0750e-06	  1.6711e-03	  2.2391e-03	  1.2287e-06	  0.0000e+00	  0.0000e+00	  8.1061e-04	  8.1061e-04	  0.0000e+00	  0.0000e+00	  0.0000e+00	  0.0000e+00	     -1.5320	     -0.0000	     -1.8740	      4.4344	
     5.57743	  1.8800e-02	  1.0549e-06	  1.6726e-03	  2.2383e-03	  1.2140e-06	  0.0000e+00	  0.0000e+00	  8.1062e-04	  8.1062e-04	  0.0000e+00	  0.0000e+00	  0.0000e+00	  0.0000e+00	     -1.5286	      0.0000	     -1.8843	      4.4242	
     5.58432	  1.8900e-02	  1.0356e-06	  1.6741e-03	  2.2377e-03	  1.2003e-06	  0.0000e+00	  0.0000e+00	  8.1063e-04	  8.1063e-04	  0.0000e+00	  0.0000e+00	  0.0000e+00	  0.0000e+00	     -1.5252	      0.0000	     -1.8945	      4.4141	
     5.59115	  1.9000e-02	  1.0171e-06	  1.6755e-03	  2.2371e-03	  1.1874e-06	  0.0000e+00	  0.0000e+00	  8.1064e-04	  8.1064e-04	  0.0000e+00	  0.0000e+00	  0.0000e+00	  0.0000e+00	     -1.5218	     -0.0000	     -1.9046	      4.4041	
     5.59789	  1.9100e-02	  9.9932e-07	  1.6770e-03	  2.2367e-03	  1.1752e-06	  0.0000e+00	  0.0000e+00	  8.1065e-04	  8.1065e-04	  0.0000e+00	  0.0000e+00	  0.0000e+00	  0.0000e+00	     -1.5185	     -0.0000	     -1.9146	      4.3942	
     5.60456	  1.9200e-02	  9.8222e-07	  1.6784e-03	  2.2363e-03	  1.1639e-06	  0.0000e+00	  0.0000e+00	  8.1066e-04	  8.1066e-04	  0.0000e+00	  0.0000e+00	  0.0000e+00	  0.0000e+00	     -1.5152	      0.0000	     -1.9244	      4.3844	
     5.61115	  1.9300e-02	  9.6578e-07	  1.6799e-03	  2.2361e-03	  1.1532e-06	  0.0000e+00	  0.0000e+00	  8.1066e-04	  8.1066e-04	  0.0000e+00	  0.0000e+00	  0.0000e+00	  0.0000e+00	     -1.5119	      0.0000	     -1.9342	      4.3747	
     5.61767	  1.9400e-02	  9.4998e-07	  1.6813e-03	  2.2359e-03	  1.1431e-06	  0.0000e+00	  0.0000e+00	  8.1067e-04	  8.1067e-04	  0.0000e+00	  0.0000e+00	  0.0000e+00	  0.0000e+00	     -1.5087	      0.0000	     -1.9438	      4.3651	
     5.62412	  1.9500e-02	  9.3478e-07	  1.6827e-03	  2.2358e-03	  1.1337e-06	  0.0000e+00	  0.0000e+00	  8.1068e-04	  8.1068e-04	  0.0000e+00	  0.0000e+00	  0.0000e+00	  0.0000e+00	     -1.5056	     -0.0000	     -1.9533	      4.3557	
     5.63049	  1.9600e-02	  9.2015e-07	  1.6841e-03	  2.2358e-03	  1.1248e-06	  0.0000e+00	  0.0000e+00	  8.1069e-04	  8.1069e-04	  0.0000e+00	  0.0000e+00	  0.0000e+00	  0.0000e+00	     -1.5024	      0.0000	     -1.9627	      4.3463	
     5.63679	  1.9700e-02	  9.0607e-07	  1.6855e-03	  2.2359e-03	  1.1164e-06	  0.0000e+00	  0.0000e+00	  8.1069e-04	  8.1069e-04	  0.0000e+00	  0.0000e+00	  0.0000e+00	  0.0000e+00	     -1.4993	      0.0000	     -1.9721	      4.3370	
     5.64302	  1.9800e-02	  8.9251e-07	  1.6869e-03	  2.2360e-03	  1.1085e-06	  0.0000e+00	  0.0000e+00	  8.1070e-04	  8.1070e-04	  0.0000e+00	  0.0000e+00	  0.0000e+00	  0.0000e+00	     -1.4962	      0.0000	     -1.9813	      4.3279	
     5.64917	  1.9900e-02	  8.7945e-07	  1.6883e-03	  2.2362e-03	  1.1010e-06	  0.0000e+00	  0.0000e+00	  8.1071e-04	  8.1071e-04	  0.0000e+00	  0.0000e+00	  0.0000e+00	  0.0000e+00	     -1.4932	      0.0000	     -1.9904	      4.3188	
     5.65526	  2.0000e-02	  8.6686e-07	  1.6897e-03	  2.2365e-03	  1.0940e-06	  0.0000e+00	  0.0000e+00	  8.1071e-04	  8.1071e-04	  0.0000e+00	  0.0000e+00	  0.0000e+00	  0.0000e+00	     -1.4902	      0.0000	     -1.9994	      4.3099	
     5.66128	  2.0100e-02	  8.5474e-07	  1.6910e-03	  2.2368e-03	  1.0874e-06	  0.0000e+00	  0.0000e+00	  8.1072e-04	  8.1072e-04	  0.0000e+00	  0.0000e+00	  0.0000e+00	  0.0000e+00	     -1.4872	      0.0000	     -2.0083	      4.3010	
     5.66723	  2.0200e-02	  8.4304e-07	  1.6923e-03	  2.2371e-03	  1.0811e-06	  0.0000e+00	  0.0000e+00	  8.1073e-04	  8.1073e-04	  0.0000e+00	  0.0000e+00	  0.0000e+00	  0.0000e+00	     -1.4843	      0.0000	     -2.0171	      4.2923	
     5.67312	  2.0300e-02	  8.3176e-07	  1.6937e-03	  2.2376e-03	  1.0752e-06	  0.0000e+00	  0.0000e+00	  8.1073e-04	  8.1073e-04	  0.0000e+00	  0.0000e+00	  0.0000e+00	  0.0000e+00	     -1.4814	      0.0000	     -2.0258	      4.2836	
     5.67894	  2.0400e-02	  8.2088e-07	  1.6950e-03	  2.2380e-03	  1.0696e-06	  0.0000e+00	  0.0000e+00	  8.1074e-04	  8.1074e-04	  0.0000e+00	  0.0000e+00	  0.0000e+00	  0.0000e+00	     -1.4785	     -0.0000	     -2.0345	      4.2750	
     5.68469	  2.0500e-02	  8.1038e-07	  1.6963e-03	  2.2386e-03	  1.0643e-06	  0.0000e+00	  0.0000e+00	  8.1074e-04	  8.1074e-04	  0.0000e+00	  0.0000e+00	  0.0000e+00	  0.0000e+00	     -1.4757	     -0.0000	     -2.0430	      4.2666	
     5.69038	  2.0600e-02	  8.0024e-07	  1.6976e-03	  2.2391e-03	  1.0593e-06	  0.0000e+00	  0.0000e+00	  8.1075e-04	  8.1075e-04	  0.0000e+00	  0.0000e+00	  0.0000e+00	  0.0000e+00	     -1.4729	      0.0000	     -2.0514	      4.2582	
     5.69601	  2.0700e-02	  7.9045e-07	  1.6989e-03	  2.2397e-03	  1.0545e-06	  0.0000e+00	  0.0000e+00	  8.1075e-04	  8.1075e-04	  0.0000e+00	  0.0000e+00	  0.0000e+00	  0.0000e+00	     -1.4701	      0.0000	     -2.0598	      4.2499	
     5.70157	  2.0800e-02	  7.8100e-07	  1.7002e-03	  2.2404e-03	  1.0500e-06	  0.0000e+00	  0.0000e+00	  8.1076e-04	  8.1076e-04	  0.0000e+00	  0.0000e+00	  0.0000e+00	  0.0000e+00	     -1.4673	     -0.0000	     -2.0680	      4.2417	
     5.70707	  2.0900e-02	  7.7186e-07	  1.7014e-03	  2.2410e-03	  1.0458e-06	  0.0000e+00	  0.0000e+00	  8.1076e-04	  8.1076e-04	  0.0000e+00	  0.0000e+00	  0.0000e+00	  0.0000e+00	     -1.4646	      0.0000	     -2.0762	      4.2336	
     5.71251	  2.1000e-02	  7.6303e-07	  1.7027e-03	  2.2417e-03	  1.0417e-06	  0.0000e+00	  0.0000e+00	  8.1076e-04	  8.1076e-04	  0.0000e+00	  0.0000e+00	  0.0000e+00	  0.0000e+00	     -1.4619	      0.0000	     -2.0842	      4.2256	
     5.71789	  2.1100e-02	  7.5449e-07	  1.7040e-03	  2.2425e-03	  1.0379e-06	  0.0000e+00	  0.0000e+00	  8.1077e-04	  8.1077e-04	  0.0000e+00	  0.0000e+00	  0.0000e+00	  0.0000e+00	     -1.4593	      0.0000	     -2.0922	      4.2176	
     5.72322	  2.1200e-02	  7.4623e-07	  1.7052e-03	  2.2433e-03	  1.0343e-06	  0.0000e+00	  0.0000e+00	  8.1077e-04	  8.1077e-04	  0.0000e+00	  0.0000e+00	  0.0000e+00	  0.0000e+00	     -1.4566	      0.0000	     -2.1001	      4.2098	
     5.72848	  2.1300e-02	  7.3824e-07	  1.7064e-03	  2.2440e-03	  1.0308e-06	  0.0000e+00	  0.0000e+00	  8.1078e-04	  8.1078e-04	  0.0000e+00	  0.0000e+00	  0.0000e+00	  0.0000e+00	     -1.4540	      0.0000	     -2.1079	      4.2020	
     5.73369	  2.1400e-02	  7.3051e-07	  1.7076e-03	  2.2449e-03	  1.0275e-06	  0.0000e+00	  0.0000e+00	  8.1078e-04	  8.1078e-04	  0.0000e+00	  0.0000e+00	  0.0000e+00	  0.0000e+00	     -1.4514	      0.0000	     -2.1157	      4.1943	
     5.73885	  2.1500e-02	  7.2303e-07	  1.7089e-03	  2.2457e-03	  1.0244e-06	  0.0000e+00	  0.0000e+00	  8.1078e-04	  8.1078e-04	  0.0000e+00	  0.0000e+00	  0.0000e+00	  0.0000e+00	     -1.4489	     -0.0000	     -2.1233	      4.1867	
     5.74395	  2.1600e-02	  7.1578e-07	  1.7101e-03	  2.2466e-03	  1.0215e-06	  0.0000e+00	  0.0000e+00	  8.1079e-04	  8.1079e-04	  0.0000e+00	  0.0000e+00	  0.0000e+00	  0.0000e+00	     -1.4464	     -0.0000	     -2.1309	      4.1792	
     5.74899	  2.1700e-02	  7.0876e-07	  1.7113e-03	  2.2475e-03	  1.0187e-06	  0.0000e+00	  0.0000e+00	  8.1079e-04	  8.1079e-04	  0.0000e+00	  0.0000e+00	  0.0000e+00	  0.0000e+00	     -1.4439	     -0.0000	     -2.1384	      4.1717	
     5.75399	  2.1800e-02	  7.0197e-07	  1.7124e-03	  2.2484e-03	  1.0160e-06	  0.0000e+00	  0.0000e+00	  8.1080e-04	  8.1080e-04	  0.0000e+00	  0.0000e+00	  0.0000e+00	  0.0000e+00	     -1.4414	      0.0000	     -2.1458	      4.1643	
     5.75893	  2.1900e-02	  6.9538e-07	  1.7136e-03	  2.2493e-03	  1.0135e-06	  0.0000e+00	  0.0000e+00	  8.1080e-04	  8.1080e-04	  0.0000e+00	  0.0000e+00	  0.0000e+00	  0.0000e+00	     -1.4390	     -0.0000	     -2.1531	      4.1570	
     5.76382	  2.2000e-02	  6.8900e-07	  1.7148e-03	  2.2503e-03	  1.0110e-06	  0.0000e+00	  0.0000e+00	  8.1080e-04	  8.1080e-04	  0.0000e+00	  0.0000e+00	  0.0000e+00	  0.0000e+00	     -1.4365	      0.0000	     -2.1604	      4.1498	
     5.76865	  2.2100e-02	  6.8281e-07	  1.7159e-03	  2.2512e-03	  1.0087e-06	  0.0000e+00	  0.0000e+00	  8.1080e-04	  8.1080e-04	  0.0000e+00	  0.0000e+00	  0.0000e+00	  0.0000e+00	     -1.4341	     -0.0000	     -2.1676	      4.1426	
     5.77344	  2.2200e-02	  6.7682e-07	  1.7171e-03	  2.2522e-03	  1.0066e-06	  0.0000e+00	  0.0000e+00	  8.1081e-04	  8.1081e-04	  0.0000e+00	  0.0000e+00	  0.0000e+00	  0.0000e+00	     -1.4318	      0.0000	     -2.1747	      4.1355	
     5.77819	  2.2300e-02	  6.7100e-07	  1.7182e-03	  2.2532e-03	  1.0045e-06	  0.0000e+00	  0.0000e+00	  8.1081e-04	  8.1081e-04	  0.0000e+00	  0.0000e+00	  0.0000e+00	  0.0000e+00	     -1.4294	      0.0000	     -2.1817	      4.1285	
     5.78288	  2.2400e-02	  6.6535e-07	  1.7194e-03	  2.2542e-03	  1.0025e-06	  0.0000e+00	  0.0000e+00	  8.1081e-04	  8.1081e-04	  0.0000e+00	  0.0000e+00	  0.0000e+00	  0.0000e+00	     -1.4271	     -0.0000	     -2.1887	      4.1216	
     5.78752	  2.2500e-02	  6.5988e-07	  1.7205e-03	  2.2553e-03	  1.0006e-06	  0.0000e+00	  0.0000e+00	  8.1082e-04	  8.1082e-04	  0.0000e+00	  0.0000e+00	  0.0000e+00	  0.0000e+00	     -1.4248	     -0.0000	     -2.1956	      4.1147	
     5.79213	  2.2600e-02	  6.5457e-07	  1.7216e-03	  2.2563e-03	  9.9878e-07	  0.0000e+00	  0.0000e+00	  8.1082e-04	  8.1082e-04	  0.0000e+00	  0.0000e+00	  0.0000e+00	  0.0000e+00	     -1.4225	     -0.0000	     -2.2025	      4.1079	
     5.79668	  2.2700e-02	  6.4941e-07	  1.7227e-03	  2.2573e-03	  9.9706e-07	  0.0000e+00	  0.0000e+00	  8.1082e-04	  8.1082e-04	  0.0000e+00	  0.0000e+00	  0.0000e+00	  0.0000e+00	     -1.4202	     -0.0000	     -2.2093	      4.1011	
     5.80119	  2.2800e-02	  6.4440e-07	  1.7238e-03	  2.2584e-03	  9.9543e-07	  0.0000e+00	  0.0000e+00	  8.1082e-04	  8.1082e-04	  0.0000e+00	  0.0000e+00	  0.0000e+00	  0.0000e+00	     -1.4180	     -0.0000	     -2.2160	      4.0944	
     5.80566	  2.2900e-02	  6.3954e-07	  1.7249e-03	  2.2595e-03	  9.9386e-07	  0.0000e+00	  0.0000e+00	  8.1083e-04	  8.1083e-04	  0.0000e+00	  0.0000e+00	  0.0000e+00	  0.0000e+00	     -1.4158	      0.0000	     -2.2226	      4.0878	
     5.81008	  2.3000e-02	  6.3482e-07	  1.7260e-03	  2.2606e-03	  9.9237e-07	  0.0000e+00	  0.0000e+00	  8.1083e-04	  8.1083e-04	  0.0000e+00	  0.0000e+00	  0.0000e+00	  0.0000e+00	     -1.4136	      0.0000	     -2.2292	      4.0813	
     5.81446	  2.3100e-02	  6.3023e-07	  1.7271e-03	  2.2617e-03	  9.9095e-07	  0.0000e+00	  0.0000e+00	  8.1083e-04	  8.1083e-04	  0.0000e+00	  0.0000e+00	  0.0000e+00	  0.0000e+00	     -1.4114	      0.0000	     -2.2357	      4.0748	
      5.8188	  2.3200e-02	  6.2578e-07	  1.7281e-03	  2.2628e-03	  9.8960e-07	  0.0000e+00	  0.0000e+00	  8.1083e-04	  8.1083e-04	  0.0000e+00	  0.0000e+00	  0.0000e+00	  0.0000e+00	     -1.4093	     -0.0000	     -2.2422	      4.0683	
      5.8231	  2.3300e-02	  6.2145e-07	  1.7292e-03	  2.2639e-03	  9.8831e-07	  0.0000e+00	  0.0000e+00	  8.1083e-04	  8.1083e-04	  0.0000e+00	  0.0000e+00	  0.0000e+00	  0.0000e+00	     -1.4071	     -0.0000	     -2.2486	      4.0619	
     5.82736	  2.3400e-02	  6.1724e-07	  1.7303e-03	  2.2650e-03	  9.8707e-07	  0.0000e+00	  0.0000e+00	  8.1084e-04	  8.1084e-04	  0.0000e+00	  0.0000e+00	  0.0000e+00	  0.0000e+00	     -1.4050	      0.0000	     -2.2549	      4.0556	
     5.83158	  2.3500e-02	  6.1315e-07	  1.7313e-03	  2.2661e-03	  9.8590e-07	  0.0000e+00	  0.0000e+00	  8.1084e-04	  8.1084e-04	  0.0000e+00	  0.0000e+00	  0.0000e+00	  0.0000e+00	     -1.4029	     -0.0000	     -2.2612	      4.0494	
     5.83576	  2.3600e-02	  6.0917e-07	  1.7324e-03	  2.2673e-03	  9.8478e-07	  0.0000e+00	  0.0000e+00	  8.1084e-04	  8.1084e-04	  0.0000e+00	  0.0000e+00	  0.0000e+00	  0.0000e+00	     -1.4009	      0.0000	     -2.2674	      4.0431	
      5.8399	  2.3700e-02	  6.0531e-07	  1.7334e-03	  2.2684e-03	  9.8370e-07	  0.0000e+00	  0.0000e+00	  8.1084e-04	  8.1084e-04	  0.0000e+00	  0.0000e+00	  0.0000e+00	  0.0000e+00	     -1.3988	      0.0000	     -2.2736	      4.0370	
     5.84401	  2.3800e-02	  6.0155e-07	  1.7344e-03	  2.2695e-03	  9.8268e-07	  0.0000e+00	  0.0000e+00	  8.1084e-04	  8.1084e-04	  0.0000e+00	  0.0000e+00	  0.0000e+00	  0.0000e+00	     -1.3968	      0.0000	     -2.2797	      4.0309	
     5.84807	  2.3900e-02	  5.9789e-07	  1.7354e-03	  2.2707e-03	  9.8171e-07	  0.0000e+00	  0.0000e+00	  8.1085e-04	  8.1085e-04	  0.0000e+00	  0.0000e+00	  0.0000e+00	  0.0000e+00	     -1.3947	      0.0000	     -2.2858	      4.0248	
     5.85211	  2.4000e-02	  5.9434e-07	  1.7365e-03	  2.2719e-03	  9.8078e-07	  0.0000e+00	  0.0000e+00	  8.1085e-04	  8.1085e-04	  0.0000e+00	  0.0000e+00	  0.0000e+00	  0.0000e+00	     -1.3927	      0.0000	     -2.2918	      4.0188	
      5.8561	  2.4100e-02	  5.9088e-07	  1.7375e-03	  2.2730e-03	  9.7990e-07	  0.0000e+00	  0.0000e+00	  8.1085e-04	  8.1085e-04	  0.0000e+00	  0.0000e+00	  0.0000e+00	  0.0000e+00	     -1.3908	      0.0000	     -2.2977	      4.0129	
     5.86006	  2.4200e-02	  5.8752e-07	  1.7385e-03	  2.2742e-03	  9.7905e-07	  0.0000e+00	  0.0000e+00	  8.1085e-04	  8.1085e-04	  0.0000e+00	  0.0000e+00	  0.0000e+00	  0.0000e+00	     -1.3888	     -0.0000	     -2.3037	      4.0070	
     5.86399	  2.4300e-02	  5.8425e-07	  1.7395e-03	  2.2754e-03	  9.7824e-07	  0.0000e+00	  0.0000e+00	  8.1085e-04	  8.1085e-04	  0.0000e+00	  0.0000e+00	  0.0000e+00	  0.0000e+00	     -1.3868	     -0.0000	     -2.3095	      4.0012	
     5.86788	  2.4400e-02	  5.8106e-07	  1.7405e-03	  2.2766e-03	  9.7748e-07	  0.0000e+00	  0.0000e+00	  8.1085e-04	  8.1085e-04	  0.0000e+00	  0.0000e+00	  0.0000e+00	  0.0000e+00	     -1.3849	      0.0000	     -2.3153	      3.9954	
     5.87174	  2.4500e-02	  5.7796e-07	  1.7415e-03	  2.2777e-03	  9.7674e-07	  0.0000e+00	  0.0000e+00	  8.1086e-04	  8.1086e-04	  0.0000e+00	  0.0000e+00	  0.0000e+00	  0.0000e+00	     -1.3830	      0.0000	     -2.3211	      3.9896	
     5.87556	  2.4600e-02	  5.7495e-07	  1.7424e-03	  2.2789e-03	  9.7605e-07	  0.0000e+00	  0.0000e+00	  8.1086e-04	  8.1086e-04	  0.0000e+00	  0.0000e+00	  0.0000e+00	  0.0000e+00	     -1.3811	      0.0000	     -2.3268	      3.9839	
     5.87935	  2.4700e-02	  5.7201e-07	  1.7434e-03	  2.2801e-03	  9.7538e-07	  0.0000e+00	  0.0000e+00	  8.1086e-04	  8.1086e-04	  0.0000e+00	  0.0000e+00	  0.0000e+00	  0.0000e+00	     -1.3792	      0.0000	     -2.3324	      3.9783	
     5.88311	  2.4800e-02	  5.6916e-07	  1.7444e-03	  2.2813e-03	  9.7475e-07	  0.0000e+00	  0.0000e+00	  8.1086e-04	  8.1086e-04	  0.0000e+00	  0.0000e+00	  0.0000e+00	  0.0000e+00	     -1.3773	     -0.0000	     -2.3380	      3.9727	
     5.88684	  2.4900e-02	  5.6638e-07	  1.7453e-03	  2.2825e-03	  9.7415e-07	  0.0000e+00	  0.0000e+00	  8.1086e-04	  8.1086e-04	  0.0000e+00	  0.0000e+00	  0.0000e+00	  0.0000e+00	     -1.3755	      0.0000	     -2.3436	      3.9671	
     5.89054	  2.5000e-02	  5.6367e-07	  1.7463e-03	  2.2837e-03	  9.7357e-07	  0.0000e+00	  0.0000e+00	  8.1086e-04	  8.1086e-04	  0.0000e+00	  0.0000e+00	  0.0000e+00	  0.0000e+00	     -1.3736	     -0.0000	     -2.3491	      3.9616	
     5.89421	  2.5100e-02	  5.6104e-07	  1.7472e-03	  2.2849e-03	  9.7303e-07	  0.0000e+00	  0.0000e+00	  8.1086e-04	  8.1086e-04	  0.0000e+00	  0.0000e+00	  0.0000e+00	  0.0000e+00	     -1.3718	      0.0000	     -2.3546	      3.9561	
     5.89785	  2.5200e-02	  5.5847e-07	  1.7482e-03	  2.2862e-03	  9.7251e-07	  0.0000e+00	  0.0000e+00	  8.1087e-04	  8.1087e-04	  0.0000e+00	  0.0000e+00	  0.0000e+00	  0.0000e+00	     -1.3700	     -0.0000	     -2.3600	      3.9507	
     5.90146	  2.5300e-02	  5.5597e-07	  1.7491e-03	  2.2874e-03	  9.7201e-07	  0.0000e+00	  0.0000e+00	  8.1087e-04	  8.1087e-04	  0.0000e+00	  0.0000e+00	  0.0000e+00	  0.0000e+00	     -1.3682	     -0.0000	     -2.3654	      3.9453	
     5.90503	  2.5400e-02	  5.5354e-07	  1.7500e-03	  2.2886e-03	  9.7155e-07	  0.0000e+00	  0.0000e+00	  8.1087e-04	  8.1087e-04	  0.0000e+00	  0.0000e+00	  0.0000e+00	  0.0000e+00	     -1.3664	      0.0000	     -2.3708	      3.9400	
     5.90858	  2.5500e-02	  5.5118e-07	  1.7510e-03	  2.2898e-03	  9.7110e-07	  0.0000e+00	  0.0000e+00	  8.1087e-04	  8.1087e-04	  0.0000e+00	  0.0000e+00	  0.0000e+00	  0.0000e+00	     -1.3646	     -0.0000	     -2.3761	      3.9347	
     5.91211	  2.5600e-02	  5.4887e-07	  1.7519e-03	  2.2910e-03	  9.7068e-07	  0.0000e+00	  0.0000e+00	  8.1087e-04	  8.1087e-04	  0.0000e+00	  0.0000e+00	  0.0000e+00	  0.0000e+00	     -1.3629	     -0.0000	     -2.3814	      3.9294	
      5.9156	  2.5700e-02	  5.4663e-07	  1.7528e-03	  2.2923e-03	  9.7028e-07	  0.0000e+00	  0.0000e+00	  8.1087e-04	  8.1087e-04	  0.0000e+00	  0.0000e+00	  0.0000e+00	  0.0000e+00	     -1.3611	      0.0000	     -2.3866	      3.9242	
     5.91907	  2.5800e-02	  5.4445e-07	  1.7537e-03	  2.2935e-03	  9.6990e-07	  0.0000e+00	  0.0000e+00	  8.1087e-04	  8.1087e-04	  0.0000e+00	  0.0000e+00	  0.0000e+00	  0.0000e+00	     -1.3594	      0.0000	     -2.3918	      3.9190	
     5.92251	  2.5900e-02	  5.4232e-07	  1.7546e-03	  2.2947e-03	  9.6954e-07	  0.0000e+00	  0.0000e+00	  8.1087e-04	  8.1087e-04	  0.0000e+00	  0.0000e+00	  0.0000e+00	  0.0000e+00	     -1.3577	     -0.0000	     -2.3969	      3.9139	
     5.92592	  2.6000e-02	  5.4025e-07	  1.7555e-03	  2.2960e-03	  9.6920e-07	  0.0000e+00	  0.0000e+00	  8.1088e-04	  8.1088e-04	  0.0000e+00	  0.0000e+00	  0.0000e+00	  0.0000e+00	     -1.3560	     -0.0000	     -2.4020	      3.9088	
     5.92931	  2.6100e-02	  5.3823e-07	  1.7564e-03	  2.2972e-03	  9.6888e-07	  0.0000e+00	  0.0000e+00	  8.1088e-04	  8.1088e-04	  0.0000e+00	  0.0000e+00	  0.0000e+00	  0.0000e+00	     -1.3543	      0.0000	     -2.4071	      3.9037	
     5.93267	  2.6200e-02	  5.3627e-07	  1.7573e-03	  2.2984e-03	  9.6858e-07	  0.0000e+00	  0.0000e+00	  8.1088e-04	  8.1088e-04	  0.0000e+00	  0.0000e+00	  0.0000e+00	  0.0000e+00	     -1.3526	     -0.0000	     -2.4121	      3.8987	
     5.93601	  2.6300e-02	  5.3436e-07	  1.7582e-03	  2.2997e-03	  9.6829e-07	  0.0000e+00	  0.0000e+00	  8.1088e-04	  8.1088e-04	  0.0000e+00	  0.0000e+00	  0.0000e+00	  0.0000e+00	     -1.3510	      0.0000	     -2.4171	      3.8937	
     5.93932	  2.6400e-02	  5.3250e-07	  1.7591e-03	  2.3009e-03	  9.6803e-07	  0.0000e+00	  0.0000e+00	  8.1088e-04	  8.1088e-04	  0.0000e+00	  0.0000e+00	  0.0000e+00	  0.0000e+00	     -1.3493	      0.0000	     -2.4221	      3.8887	
      5.9426	  2.6500e-02	  5.3069e-07	  1.7600e-03	  2.3022e-03	  9.6777e-07	  0.0000e+00	  0.0000e+00	  8.1088e-04	  8.1088e-04	  0.0000e+00	  0.0000e+00	  0.0000e+00	  0.0000e+00	     -1.3477	      0.0000	     -2.4270	      3.8838	
     5.94586	  2.6600e-02	  5.2892e-07	  1.7608e-03	  2.3034e-03	  9.6754e-07	  0.0000e+00	  0.0000e+00	  8.1088e-04	  8.1088e-04	  0.0000e+00	  0.0000e+00	  0.0000e+00	  0.0000e+00	     -1.3460	      0.0000	     -2.4319	      3.8789	
      5.9491	  2.6700e-02	  5.2721e-07	  1.7617e-03	  2.3047e-03	  9.6732e-07	  0.0000e+00	  0.0000e+00	  8.1088e-04	  8.1088e-04	  0.0000e+00	  0.0000e+00	  0.0000e+00	  0.0000e+00	     -1.3444	      0.0000	     -2.4367	      3.8741	
     5.95232	  2.6800e-02	  5.2554e-07	  1.7626e-03	  2.3059e-03	  9.6711e-07	  0.0000e+00	  0.0000e+00	  8.1088e-04	  8.1088e-04	  0.0000e+00	  0.0000e+00	  0.0000e+00	  0.0000e+00	     -1.3428	      0.0000	     -2.4415	      3.8693	
     5.95551	  2.6900e-02	  5.2391e-07	  1.7634e-03	  2.3072e-03	  9.6692e-07	  0.0000e+00	  0.0000e+00	  8.1088e-04	  8.1088e-04	  0.0000e+00	  0.0000e+00	  0.0000e+00	  0.0000e+00	     -1.3412	     -0.0000	     -2.4463	      3.8645	
     5.95867	  2.7000e-02	  5.2233e-07	  1.7643e-03	  2.3084e-03	  9.6674e-07	  0.0000e+00	  0.0000e+00	  8.1088e-04	  8.1088e-04	  0.0000e+00	  0.0000e+00	  0.0000e+00	  0.0000e+00	     -1.3397	      0.0000	     -2.4510	      3.8597	
     5.96182	  2.7100e-02	  5.2079e-07	  1.7651e-03	  2.3097e-03	  9.6658e-07	  0.0000e+00	  0.0000e+00	  8.1089e-04	  8.1089e-04	  0.0000e+00	  0.0000e+00	  0.0000e+00	  0.0000e+00	     -1.3381	      0.0000	     -2.4558	      3.8550	
     5.96494	  2.7200e-02	  5.1930e-07	  1.7660e-03	  2.3109e-03	  9.6642e-07	  0.0000e+00	  0.0000e+00	  8.1089e-04	  8.1089e-04	  0.0000e+00	  0.0000e+00	  0.0000e+00	  0.0000e+00	     -1.3365	      0.0000	     -2.4604	      3.8503	
     5.96804	  2.7300e-02	  5.1784e-07	  1.7668e-03	  2.3122e-03	  9.6628e-07	  0.0000e+00	  0.0000e+00	  8.1089e-04	  8.1089e-04	  0.0000e+00	  0.0000e+00	  0.0000e+00	  0.0000e+00	     -1.3350	      0.0000	     -2.4651	      3.8457	
     5.97112	  2.7400e-02	  5.1642e-07	  1.7676e-03	  2.3134e-03	  9.6615e-07	  0.0000e+00	  0.0000e+00	  8.1089e-04	  8.1089e-04	  0.0000e+00	  0.0000e+00	  0.0000e+00	  0.0000e+00	     -1.3334	      0.0000	     -2.4697	      3.8411	
     5.97418	  2.7500e-02	  5.1505e-07	  1.7685e-03	  2.3147e-03	  9.6604e-07	  0.0000e+00	  0.0000e+00	  8.1089e-04	  8.1089e-04	  0.0000e+00	  0.0000e+00	  0.0000e+00	  0.0000e+00	     -1.3319	      0.0000	     -2.4743	      3.8365	
     5.97721	  2.7600e-02	  5.1371e-07	  1.7693e-03	  2.3160e-03	  9.6593e-07	  0.0000e+00	  0.0000e+00	  8.1089e-04	  8.1089e-04	  0.0000e+00	  0.0000e+00	  0.0000e+00	  0.0000e+00	     -1.3304	     -0.0000	     -2.4788	      3.8319	
     5.98023	  2.7700e-02	  5.1240e-07	  1.7701e-03	  2.3172e-03	  9.6583e-07	  0.0000e+00	  0.0000e+00	  8.1089e-04	  8.1089e-04	  0.0000e+00	  0.0000e+00	  0.0000e+00	  0.0000e+00	     -1.3289	      0.0000	     -2.4834	      3.8274	
     5.98322	  2.7800e-02	  5.1114e-07	  1.7709e-03	  2.3185e-03	  9.6575e-07	  0.0000e+00	  0.0000e+00	  8.1089e-04	  8.1089e-04	  0.0000e+00	  0.0000e+00	  0.0000e+00	  0.0000e+00	     -1.3274	     -0.0000	     -2.4878	      3.8229	
     5.98619	  2.7900e-02	  5.0991e-07	  1.7717e-03	  2.3197e-03	  9.6567e-07	  0.0000e+00	  0.0000e+00	  8.1089e-04	  8.1089e-04	  0.0000e+00	  0.0000e+00	  0.0000e+00	  0.0000e+00	     -1.3259	     -0.0000	     -2.4923	      3.8184	
     5.98915	  2.8000e-02	  5.0871e-07	  1.7726e-03	  2.3210e-03	  9.6561e-07	  0.0000e+00	  0.0000e+00	  8.1089e-04	  8.1089e-04	  0.0000e+00	  0.0000e+00	  0.0000e+00	  0.0000e+00	     -1.3244	     -0.0000	     -2.4967	      3.8140	
     5.99208	  2.8100e-02	  5.0755e-07	  1.7734e-03	  2.3223e-03	  9.6555e-07	  0.0000e+00	  0.0000e+00	  8.1089e-04	  8.1089e-04	  0.0000e+00	  0.0000e+00	  0.0000e+00	  0.0000e+00	     -1.3230	     -0.0000	     -2.5011	      3.8096	
     5.99499	  2.8200e-02	  5.0642e-07	  1.7742e-03	  2.3235e-03	  9.6551e-07	  0.0000e+00	  0.0000e+00	  8.1089e-04	  8.1089e-04	  0.0000e+00	  0.0000e+00	  0.0000e+00	  0.0000e+00	     -1.3215	     -0.0000	     -2.5055	      3.8052	
     5.99789	  2.8300e-02	  5.0532e-07	  1.7750e-03	  2.3248e-03	  9.6547e-07	  0.0000e+00	  0.0000e+00	  8.1089e-04	  8.1089e-04	  0.0000e+00	  0.0000e+00	  0.0000e+00	  0.0000e+00	     -1.3200	      0.0000	     -2.5099	      3.8008	
     6.00076	  2.8400e-02	  5.0426e-07	  1.7758e-03	  2.3261e-03	  9.6544e-07	  0.0000e+00	  0.0000e+00	  8.1089e-04	  8.1089e-04	  0.0000e+00	  0.0000e+00	  0.0000e+00	  0.0000e+00	     -1.3186	     -0.0000	     -2.5142	      3.7965	
     6.00362	  2.8500e-02	  5.0323e-07	  1.7765e-03	  2.3273e-03	  9.6542e-07	  0.0000e+00	  0.0000e+00	  8.1090e-04	  8.1090e-04	  0.0000e+00	  0.0000e+00	  0.0000e+00	  0.0000e+00	     -1.3172	      0.0000	     -2.5185	      3.7922	
     6.00646	  2.8600e-02	  5.0222e-07	  1.7773e-03	  2.3286e-03	  9.6540e-07	  0.0000e+00	  0.0000e+00	  8.1090e-04	  8.1090e-04	  0.0000e+00	  0.0000e+00	  0.0000e+00	  0.0000e+00	     -1.3158	     -0.0000	     -2.5227	      3.7879	
     6.00928	  2.8700e-02	  5.0125e-07	  1.7781e-03	  2.3299e-03	  9.6540e-07	  0.0000e+00	  0.0000e+00	  8.1090e-04	  8.1090e-04	  0.0000e+00	  0.0000e+00	  0.0000e+00	  0.0000e+00	     -1.3143	      0.0000	     -2.5270	      3.7837	
     6.01208	  2.8800e-02	  5.0031e-07	  1.7789e-03	  2.3311e-03	  9.6540e-07	  0.0000e+00	  0.0000e+00	  8.1090e-04	  8.1090e-04	  0.0000e+00	  0.0000e+00	  0.0000e+00	  0.0000e+00	     -1.3129	     -0.0000	     -2.5312	      3.7795	
     6.01486	  2.8900e-02	  4.9939e-07	  1.7797e-03	  2.3324e-03	  9.6541e-07	  0.0000e+00	  0.0000e+00	  8.1090e-04	  8.1090e-04	  0.0000e+00	  0.0000e+00	  0.0000e+00	  0.0000e+00	     -1.3115	      0.0000	     -2.5354	      3.7753	
     6.01763	  2.9000e-02	  4.9851e-07	  1.7804e-03	  2.3337e-03	  9.6543e-07	  0.0000e+00	  0.0000e+00	  8.1090e-04	  8.1090e-04	  0.0000e+00	  0.0000e+00	  0.0000e+00	  0.0000e+00	     -1.3102	      0.0000	     -2.5395	      3.7711	
     6.02038	  2.9100e-02	  4.9765e-07	  1.7812e-03	  2.3349e-03	  9.6545e-07	  0.0000e+00	  0.0000e+00	  8.1090e-04	  8.1090e-04	  0.0000e+00	  0.0000e+00	  0.0000e+00	  0.0000e+00	     -1.3088	      0.0000	     -2.5436	      3.7670	
     6.02297	  2.9200e-02	  4.9685e-07	  1.7819e-03	  2.3359e-03	  9.6552e-07	  0.0000e+00	  0.0000e+00	  8.1090e-04	  8.1090e-04	  0.0000e+00	  0.0000e+00	  0.0000e+00	  0.0000e+00	     -1.3075	      0.0000	     -2.5475	      3.7631	
     6.02551	  2.9300e-02	  4.9609e-07	  1.7826e-03	  2.3369e-03	  9.6561e-07	  0.0000e+00	  0.0000e+00	  8.1090e-04	  8.1090e-04	  0.0000e+00	  0.0000e+00	  0.0000e+00	  0.0000e+00	     -1.3062	      0.0000	     -2.5513	      3.7592	
     6.02804	  2.9400e-02	  4.9535e-07	  1.7833e-03	  2.3378e-03	  9.6570e-07	  0.0000e+00	  0.0000e+00	  8.1090e-04	  8.1090e-04	  0.0000e+00	  0.0000e+00	  0.0000e+00	  0.0000e+00	     -1.3050	      0.0000	     -2.5551	      3.7554	
     6.03056	  2.9500e-02	  4.9463e-07	  1.7840e-03	  2.3387e-03	  9.6580e-07	  0.0000e+00	  0.0000e+00	  8.1090e-04	  8.1090e-04	  0.0000e+00	  0.0000e+00	  0.0000e+00	  0.0000e+00	     -1.3037	      0.0000	     -2.5589	      3.7516	
     6.03307	  2.9600e-02	  4.9394e-07	  1.7848e-03	  2.3397e-03	  9.6590e-07	  0.0000e+00	  0.0000e+00	  8.1090e-04	  8.1090e-04	  0.0000e+00	  0.0000e+00	  0.0000e+00	  0.0000e+00	     -1.3024	      0.0000	     -2.5627	      3.7479	
     6.03556	  2.9700e-02	  4.9326e-07	  1.7855e-03	  2.3406e-03	  9.6601e-07	  0.0000e+00	  0.0000e+00	  8.1090e-04	  8.1090e-04	  0.0000e+00	  0.0000e+00	  0.0000e+00	  0.0000e+00	     -1.3012	      0.0000	     -2.5664	      3.7441	
     6.03805	  2.9800e-02	  4.9261e-07	  1.7861e-03	  2.3416e-03	  9.6612e-07	  0.0000e+00	  0.0000e+00	  8.1090e-04	  8.1090e-04	  0.0000e+00	  0.0000e+00	  0.0000e+00	  0.0000e+00	     -1.3000	      0.0000	     -2.5701	      3.7404	
     6.04052	  2.9900e-02	  4.9198e-07	  1.7868e-03	  2.3425e-03	  9.6624e-07	  0.0000e+00	  0.0000e+00	  8.1090e-04	  8.1090e-04	  0.0000e+00	  0.0000e+00	  0.0000e+00	  0.0000e+00	     -1.2987	     -0.0000	     -2.5739	      3.7366	
     6.04298	  3.0000e-02	  4.9136e-07	  1.7875e-03	  2.3435e-03	  9.6636e-07	  0.0000e+00	  0.0000e+00	  8.1090e-04	  8.1090e-04	  0.0000e+00	  0.0000e+00	  0.0000e+00	  0.0000e+00	     -1.2975	      0.0000	     -2.5775	      3.7329	
