#          pH	    reaction	          Al	        S(6)	          Ca	           U	  Al(OH)3(a)	d_Al(OH)3(a)	Basaluminite	d_Basaluminite	   Jurbanite	 d_Jurbanite	     Alunite	   d_Alunite	si_Al(OH)3(a)	si_Basaluminite	si_Jurbanite	  si_Alunite	
#        3.16	         -99	  1.9087e-03	  8.7860e-04	  2.6198e-03	  3.2100e-05	  0.0000e+00	  0.0000e+00	  0.0000e+00	  0.0000e+00	  0.0000e+00	  0.0000e+00	  0.0000e+00	  0.0000e+00	     -4.7586	     -8.5487	     -0.7428	      1.0846	
#        3.16	         -99	  1.9087e-03	  8.7860e-04	  2.6198e-03	  3.2100e-05	  0.0000e+00	  0.0000e+00	  0.0000e+00	  0.0000e+00	  0.0000e+00	  0.0000e+00	  0.0000e+00	  0.0000e+00	     -4.7586	     -8.5487	     -0.7428	      1.0846	
#        3.16	         -99	  1.9087e-03	  8.7860e-04	  2.6198e-03	  3.2100e-05	  0.0000e+00	  0.0000e+00	  0.0000e+00	  0.0000e+00	  0.0000e+00	  0.0000e+00	  0.0000e+00	  0.0000e+00	     -4.7586	     -8.5487	     -0.7428	      1.0846	
     3.03593	  1.0000e-04	  1.6941e-03	  6.5287e-04	  2.5897e-03	  3.8889e-05	  0.0000e+00	  0.0000e+00	  0.0000e+00	  0.0000e+00	  0.0000e+00	  0.0000e+00	  9.4506e-05	  9.4506e-05	     -5.1632	    -10.0394	     -1.0197	      0.0000	
     3.04087	  2.0000e-04	  1.6705e-03	  6.3963e-04	  2.5854e-03	  3.8599e-05	  0.0000e+00	  0.0000e+00	  0.0000e+00	  0.0000e+00	  0.0000e+00	  0.0000e+00	  1.0619e-04	  1.0619e-04	     -5.1535	    -10.0174	     -1.0269	     -0.0000	
     3.04583	  3.0000e-04	  1.6471e-03	  6.2661e-04	  2.5812e-03	  3.8305e-05	  0.0000e+00	  0.0000e+00	  0.0000e+00	  0.0000e+00	  0.0000e+00	  0.0000e+00	  1.1784e-04	  1.1784e-04	     -5.1437	     -9.9952	     -1.0341	     -0.0000	
     3.05083	  4.0000e-04	  1.6238e-03	  6.1381e-04	  2.5769e-03	  3.8009e-05	  0.0000e+00	  0.0000e+00	  0.0000e+00	  0.0000e+00	  0.0000e+00	  0.0000e+00	  1.2946e-04	  1.2946e-04	     -5.1338	     -9.9728	     -1.0414	     -0.0000	
     3.05586	  5.0000e-04	  1.6008e-03	  6.0123e-04	  2.5725e-03	  3.7709e-05	  0.0000e+00	  0.0000e+00	  0.0000e+00	  0.0000e+00	  0.0000e+00	  0.0000e+00	  1.4104e-04	  1.4104e-04	     -5.1239	     -9.9504	     -1.0487	     -0.0000	
     3.06091	  6.0000e-04	  1.5780e-03	  5.8887e-04	  2.5682e-03	  3.7405e-05	  0.0000e+00	  0.0000e+00	  0.0000e+00	  0.0000e+00	  0.0000e+00	  0.0000e+00	  1.5258e-04	  1.5258e-04	     -5.1140	     -9.9279	     -1.0560	     -0.0000	
       3.066	  7.0000e-04	  1.5554e-03	  5.7673e-04	  2.5638e-03	  3.7099e-05	  0.0000e+00	  0.0000e+00	  0.0000e+00	  0.0000e+00	  0.0000e+00	  0.0000e+00	  1.6408e-04	  1.6408e-04	     -5.1040	     -9.9052	     -1.0634	     -0.0000	
     3.07112	  8.0000e-04	  1.5330e-03	  5.6480e-04	  2.5593e-03	  3.6790e-05	  0.0000e+00	  0.0000e+00	  0.0000e+00	  0.0000e+00	  0.0000e+00	  0.0000e+00	  1.7555e-04	  1.7555e-04	     -5.0939	     -9.8825	     -1.0708	      0.0000	
     3.07627	  9.0000e-04	  1.5108e-03	  5.5308e-04	  2.5548e-03	  3.6477e-05	  0.0000e+00	  0.0000e+00	  0.0000e+00	  0.0000e+00	  0.0000e+00	  0.0000e+00	  1.8698e-04	  1.8698e-04	     -5.0838	     -9.8596	     -1.0782	     -0.0000	
     3.08145	  1.0000e-03	  1.4889e-03	  5.4158e-04	  2.5503e-03	  3.6162e-05	  0.0000e+00	  0.0000e+00	  0.0000e+00	  0.0000e+00	  0.0000e+00	  0.0000e+00	  1.9837e-04	  1.9837e-04	     -5.0736	     -9.8366	     -1.0857	     -0.0000	
     3.08666	  1.1000e-03	  1.4671e-03	  5.3029e-04	  2.5457e-03	  3.5844e-05	  0.0000e+00	  0.0000e+00	  0.0000e+00	  0.0000e+00	  0.0000e+00	  0.0000e+00	  2.0973e-04	  2.0973e-04	     -5.0634	     -9.8136	     -1.0932	     -0.0000	
     3.09189	  1.2000e-03	  1.4456e-03	  5.1921e-04	  2.5411e-03	  3.5523e-05	  0.0000e+00	  0.0000e+00	  0.0000e+00	  0.0000e+00	  0.0000e+00	  0.0000e+00	  2.2106e-04	  2.2106e-04	     -5.0532	     -9.7904	     -1.1008	     -0.0000	
     3.09716	  1.3000e-03	  1.4242e-03	  5.0834e-04	  2.5364e-03	  3.5199e-05	  0.0000e+00	  0.0000e+00	  0.0000e+00	  0.0000e+00	  0.0000e+00	  0.0000e+00	  2.3235e-04	  2.3235e-04	     -5.0429	     -9.7671	     -1.1084	      0.0000	
     3.10246	  1.4000e-03	  1.4031e-03	  4.9767e-04	  2.5317e-03	  3.4872e-05	  0.0000e+00	  0.0000e+00	  0.0000e+00	  0.0000e+00	  0.0000e+00	  0.0000e+00	  2.4361e-04	  2.4361e-04	     -5.0326	     -9.7437	     -1.1160	     -0.0000	
     3.10778	  1.5000e-03	  1.3822e-03	  4.8721e-04	  2.5270e-03	  3.4543e-05	  0.0000e+00	  0.0000e+00	  0.0000e+00	  0.0000e+00	  0.0000e+00	  0.0000e+00	  2.5483e-04	  2.5483e-04	     -5.0222	     -9.7203	     -1.1237	      0.0000	
     3.11314	  1.6000e-03	  1.3615e-03	  4.7694e-04	  2.5222e-03	  3.4211e-05	  0.0000e+00	  0.0000e+00	  0.0000e+00	  0.0000e+00	  0.0000e+00	  0.0000e+00	  2.6602e-04	  2.6602e-04	     -5.0118	     -9.6967	     -1.1314	      0.0000	
     3.11852	  1.7000e-03	  1.3410e-03	  4.6687e-04	  2.5174e-03	  3.3877e-05	  0.0000e+00	  0.0000e+00	  0.0000e+00	  0.0000e+00	  0.0000e+00	  0.0000e+00	  2.7717e-04	  2.7717e-04	     -5.0013	     -9.6731	     -1.1391	      0.0000	
     3.12393	  1.8000e-03	  1.3207e-03	  4.5700e-04	  2.5125e-03	  3.3541e-05	  0.0000e+00	  0.0000e+00	  0.0000e+00	  0.0000e+00	  0.0000e+00	  0.0000e+00	  2.8830e-04	  2.8830e-04	     -4.9908	     -9.6493	     -1.1469	      0.0000	
     3.12937	  1.9000e-03	  1.3006e-03	  4.4732e-04	  2.5076e-03	  3.3202e-05	  0.0000e+00	  0.0000e+00	  0.0000e+00	  0.0000e+00	  0.0000e+00	  0.0000e+00	  2.9939e-04	  2.9939e-04	     -4.9803	     -9.6255	     -1.1547	     -0.0000	
     3.13484	  2.0000e-03	  1.2807e-03	  4.3783e-04	  2.5027e-03	  3.2860e-05	  0.0000e+00	  0.0000e+00	  0.0000e+00	  0.0000e+00	  0.0000e+00	  0.0000e+00	  3.1044e-04	  3.1044e-04	     -4.9697	     -9.6016	     -1.1625	     -0.0000	
     3.14033	  2.1000e-03	  1.2610e-03	  4.2853e-04	  2.4977e-03	  3.2517e-05	  0.0000e+00	  0.0000e+00	  0.0000e+00	  0.0000e+00	  0.0000e+00	  0.0000e+00	  3.2147e-04	  3.2147e-04	     -4.9591	     -9.5776	     -1.1704	      0.0000	
     3.14586	  2.2000e-03	  1.2416e-03	  4.1942e-04	  2.4926e-03	  3.2171e-05	  0.0000e+00	  0.0000e+00	  0.0000e+00	  0.0000e+00	  0.0000e+00	  0.0000e+00	  3.3246e-04	  3.3246e-04	     -4.9484	     -9.5535	     -1.1783	      0.0000	
     3.15141	  2.3000e-03	  1.2223e-03	  4.1048e-04	  2.4876e-03	  3.1824e-05	  0.0000e+00	  0.0000e+00	  0.0000e+00	  0.0000e+00	  0.0000e+00	  0.0000e+00	  3.4343e-04	  3.4343e-04	     -4.9377	     -9.5293	     -1.1862	      0.0000	
     3.15699	  2.4000e-03	  1.2032e-03	  4.0173e-04	  2.4824e-03	  3.1474e-05	  0.0000e+00	  0.0000e+00	  0.0000e+00	  0.0000e+00	  0.0000e+00	  0.0000e+00	  3.5436e-04	  3.5436e-04	     -4.9270	     -9.5050	     -1.1942	      0.0000	
      3.1626	  2.5000e-03	  1.1844e-03	  3.9315e-04	  2.4773e-03	  3.1123e-05	  0.0000e+00	  0.0000e+00	  0.0000e+00	  0.0000e+00	  0.0000e+00	  0.0000e+00	  3.6526e-04	  3.6526e-04	     -4.9162	     -9.4807	     -1.2022	     -0.0000	
     3.16824	  2.6000e-03	  1.1657e-03	  3.8474e-04	  2.4721e-03	  3.0770e-05	  0.0000e+00	  0.0000e+00	  0.0000e+00	  0.0000e+00	  0.0000e+00	  0.0000e+00	  3.7614e-04	  3.7614e-04	     -4.9054	     -9.4563	     -1.2102	      0.0000	
     3.17391	  2.7000e-03	  1.1472e-03	  3.7650e-04	  2.4668e-03	  3.0415e-05	  0.0000e+00	  0.0000e+00	  0.0000e+00	  0.0000e+00	  0.0000e+00	  0.0000e+00	  3.8698e-04	  3.8698e-04	     -4.8945	     -9.4317	     -1.2183	      0.0000	
      3.1796	  2.8000e-03	  1.1290e-03	  3.6843e-04	  2.4615e-03	  3.0059e-05	  0.0000e+00	  0.0000e+00	  0.0000e+00	  0.0000e+00	  0.0000e+00	  0.0000e+00	  3.9780e-04	  3.9780e-04	     -4.8836	     -9.4071	     -1.2264	     -0.0000	
     3.18533	  2.9000e-03	  1.1109e-03	  3.6053e-04	  2.4562e-03	  2.9701e-05	  0.0000e+00	  0.0000e+00	  0.0000e+00	  0.0000e+00	  0.0000e+00	  0.0000e+00	  4.0859e-04	  4.0859e-04	     -4.8726	     -9.3824	     -1.2345	      0.0000	
     3.19108	  3.0000e-03	  1.0930e-03	  3.5278e-04	  2.4508e-03	  2.9342e-05	  0.0000e+00	  0.0000e+00	  0.0000e+00	  0.0000e+00	  0.0000e+00	  0.0000e+00	  4.1935e-04	  4.1935e-04	     -4.8617	     -9.3576	     -1.2427	     -0.0000	
     3.19686	  3.1000e-03	  1.0754e-03	  3.4519e-04	  2.4454e-03	  2.8981e-05	  0.0000e+00	  0.0000e+00	  0.0000e+00	  0.0000e+00	  0.0000e+00	  0.0000e+00	  4.3008e-04	  4.3008e-04	     -4.8506	     -9.3328	     -1.2508	     -0.0000	
     3.20268	  3.2000e-03	  1.0579e-03	  3.3776e-04	  2.4399e-03	  2.8620e-05	  0.0000e+00	  0.0000e+00	  0.0000e+00	  0.0000e+00	  0.0000e+00	  0.0000e+00	  4.4079e-04	  4.4079e-04	     -4.8396	     -9.3078	     -1.2591	      0.0000	
     3.20852	  3.3000e-03	  1.0406e-03	  3.3048e-04	  2.4344e-03	  2.8257e-05	  0.0000e+00	  0.0000e+00	  0.0000e+00	  0.0000e+00	  0.0000e+00	  0.0000e+00	  4.5147e-04	  4.5147e-04	     -4.8285	     -9.2827	     -1.2673	      0.0000	
     3.21439	  3.4000e-03	  1.0235e-03	  3.2334e-04	  2.4289e-03	  2.7893e-05	  0.0000e+00	  0.0000e+00	  0.0000e+00	  0.0000e+00	  0.0000e+00	  0.0000e+00	  4.6212e-04	  4.6212e-04	     -4.8173	     -9.2576	     -1.2756	      0.0000	
     3.22029	  3.5000e-03	  1.0066e-03	  3.1635e-04	  2.4233e-03	  2.7528e-05	  0.0000e+00	  0.0000e+00	  0.0000e+00	  0.0000e+00	  0.0000e+00	  0.0000e+00	  4.7275e-04	  4.7275e-04	     -4.8061	     -9.2323	     -1.2840	     -0.0000	
     3.22623	  3.6000e-03	  9.8992e-04	  3.0950e-04	  2.4176e-03	  2.7162e-05	  0.0000e+00	  0.0000e+00	  0.0000e+00	  0.0000e+00	  0.0000e+00	  0.0000e+00	  4.8335e-04	  4.8335e-04	     -4.7949	     -9.2070	     -1.2923	      0.0000	
     3.23219	  3.7000e-03	  9.7341e-04	  3.0279e-04	  2.4119e-03	  2.6795e-05	  0.0000e+00	  0.0000e+00	  0.0000e+00	  0.0000e+00	  0.0000e+00	  0.0000e+00	  4.9393e-04	  4.9393e-04	     -4.7836	     -9.1816	     -1.3007	     -0.0000	
     3.23819	  3.8000e-03	  9.5709e-04	  2.9622e-04	  2.4062e-03	  2.6427e-05	  0.0000e+00	  0.0000e+00	  0.0000e+00	  0.0000e+00	  0.0000e+00	  0.0000e+00	  5.0449e-04	  5.0449e-04	     -4.7723	     -9.1560	     -1.3092	     -0.0000	
     3.24422	  3.9000e-03	  9.4096e-04	  2.8977e-04	  2.4004e-03	  2.6059e-05	  0.0000e+00	  0.0000e+00	  0.0000e+00	  0.0000e+00	  0.0000e+00	  0.0000e+00	  5.1502e-04	  5.1502e-04	     -4.7609	     -9.1304	     -1.3177	      0.0000	
     3.25028	  4.0000e-03	  9.2502e-04	  2.8346e-04	  2.3946e-03	  2.5691e-05	  0.0000e+00	  0.0000e+00	  0.0000e+00	  0.0000e+00	  0.0000e+00	  0.0000e+00	  5.2553e-04	  5.2553e-04	     -4.7495	     -9.1046	     -1.3262	     -0.0000	
     3.25637	  4.1000e-03	  9.0926e-04	  2.7727e-04	  2.3887e-03	  2.5322e-05	  0.0000e+00	  0.0000e+00	  0.0000e+00	  0.0000e+00	  0.0000e+00	  0.0000e+00	  5.3602e-04	  5.3602e-04	     -4.7380	     -9.0787	     -1.3348	     -0.0000	
      3.2625	  4.2000e-03	  8.9370e-04	  2.7121e-04	  2.3828e-03	  2.4952e-05	  0.0000e+00	  0.0000e+00	  0.0000e+00	  0.0000e+00	  0.0000e+00	  0.0000e+00	  5.4648e-04	  5.4648e-04	     -4.7265	     -9.0527	     -1.3434	      0.0000	
     3.26866	  4.3000e-03	  8.7831e-04	  2.6526e-04	  2.3768e-03	  2.4582e-05	  0.0000e+00	  0.0000e+00	  0.0000e+00	  0.0000e+00	  0.0000e+00	  0.0000e+00	  5.5692e-04	  5.5692e-04	     -4.7149	     -9.0266	     -1.3520	     -0.0000	
     3.27486	  4.4000e-03	  8.6311e-04	  2.5943e-04	  2.3708e-03	  2.4213e-05	  0.0000e+00	  0.0000e+00	  0.0000e+00	  0.0000e+00	  0.0000e+00	  0.0000e+00	  5.6734e-04	  5.6734e-04	     -4.7032	     -9.0004	     -1.3607	     -0.0000	
      3.2811	  4.5000e-03	  8.4810e-04	  2.5372e-04	  2.3648e-03	  2.3842e-05	  0.0000e+00	  0.0000e+00	  0.0000e+00	  0.0000e+00	  0.0000e+00	  0.0000e+00	  5.7774e-04	  5.7774e-04	     -4.6915	     -8.9740	     -1.3694	      0.0000	
     3.28737	  4.6000e-03	  8.3327e-04	  2.4811e-04	  2.3587e-03	  2.3472e-05	  0.0000e+00	  0.0000e+00	  0.0000e+00	  0.0000e+00	  0.0000e+00	  0.0000e+00	  5.8811e-04	  5.8811e-04	     -4.6798	     -8.9475	     -1.3782	      0.0000	
     3.29368	  4.7000e-03	  8.1862e-04	  2.4261e-04	  2.3525e-03	  2.3102e-05	  0.0000e+00	  0.0000e+00	  0.0000e+00	  0.0000e+00	  0.0000e+00	  0.0000e+00	  5.9847e-04	  5.9847e-04	     -4.6679	     -8.9209	     -1.3870	      0.0000	
     3.30002	  4.8000e-03	  8.0415e-04	  2.3722e-04	  2.3463e-03	  2.2732e-05	  0.0000e+00	  0.0000e+00	  0.0000e+00	  0.0000e+00	  0.0000e+00	  0.0000e+00	  6.0881e-04	  6.0881e-04	     -4.6561	     -8.8941	     -1.3959	     -0.0000	
     3.30641	  4.9000e-03	  7.8986e-04	  2.3193e-04	  2.3401e-03	  2.2363e-05	  0.0000e+00	  0.0000e+00	  0.0000e+00	  0.0000e+00	  0.0000e+00	  0.0000e+00	  6.1912e-04	  6.1912e-04	     -4.6441	     -8.8672	     -1.4049	     -0.0000	
     3.31284	  5.0000e-03	  7.7576e-04	  2.2674e-04	  2.3338e-03	  2.1993e-05	  0.0000e+00	  0.0000e+00	  0.0000e+00	  0.0000e+00	  0.0000e+00	  0.0000e+00	  6.2942e-04	  6.2942e-04	     -4.6321	     -8.8401	     -1.4139	     -0.0000	
      3.3193	  5.1000e-03	  7.6183e-04	  2.2164e-04	  2.3275e-03	  2.1624e-05	  0.0000e+00	  0.0000e+00	  0.0000e+00	  0.0000e+00	  0.0000e+00	  0.0000e+00	  6.3970e-04	  6.3970e-04	     -4.6200	     -8.8128	     -1.4229	      0.0000	
     3.32581	  5.2000e-03	  7.4807e-04	  2.1664e-04	  2.3211e-03	  2.1255e-05	  0.0000e+00	  0.0000e+00	  0.0000e+00	  0.0000e+00	  0.0000e+00	  0.0000e+00	  6.4995e-04	  6.4995e-04	     -4.6078	     -8.7854	     -1.4320	      0.0000	
     3.33237	  5.3000e-03	  7.3450e-04	  2.1172e-04	  2.3147e-03	  2.0887e-05	  0.0000e+00	  0.0000e+00	  0.0000e+00	  0.0000e+00	  0.0000e+00	  0.0000e+00	  6.6019e-04	  6.6019e-04	     -4.5955	     -8.7577	     -1.4412	     -0.0000	
     3.33897	  5.4000e-03	  7.2110e-04	  2.0690e-04	  2.3083e-03	  2.0520e-05	  0.0000e+00	  0.0000e+00	  0.0000e+00	  0.0000e+00	  0.0000e+00	  0.0000e+00	  6.7041e-04	  6.7041e-04	     -4.5832	     -8.7299	     -1.4504	      0.0000	
     3.34562	  5.5000e-03	  7.0788e-04	  2.0216e-04	  2.3018e-03	  2.0153e-05	  0.0000e+00	  0.0000e+00	  0.0000e+00	  0.0000e+00	  0.0000e+00	  0.0000e+00	  6.8061e-04	  6.8061e-04	     -4.5707	     -8.7019	     -1.4597	     -0.0000	
     3.35231	  5.6000e-03	  6.9482e-04	  1.9750e-04	  2.2952e-03	  1.9786e-05	  0.0000e+00	  0.0000e+00	  0.0000e+00	  0.0000e+00	  0.0000e+00	  0.0000e+00	  6.9080e-04	  6.9080e-04	     -4.5582	     -8.6737	     -1.4691	     -0.0000	
     3.35905	  5.7000e-03	  6.8195e-04	  1.9293e-04	  2.2886e-03	  1.9421e-05	  0.0000e+00	  0.0000e+00	  0.0000e+00	  0.0000e+00	  0.0000e+00	  0.0000e+00	  7.0096e-04	  7.0096e-04	     -4.5456	     -8.6452	     -1.4785	      0.0000	
     3.36585	  5.8000e-03	  6.6924e-04	  1.8843e-04	  2.2820e-03	  1.9057e-05	  0.0000e+00	  0.0000e+00	  0.0000e+00	  0.0000e+00	  0.0000e+00	  0.0000e+00	  7.1111e-04	  7.1111e-04	     -4.5328	     -8.6165	     -1.4880	      0.0000	
      3.3727	  5.9000e-03	  6.5671e-04	  1.8400e-04	  2.2753e-03	  1.8693e-05	  0.0000e+00	  0.0000e+00	  0.0000e+00	  0.0000e+00	  0.0000e+00	  0.0000e+00	  7.2124e-04	  7.2124e-04	     -4.5200	     -8.5876	     -1.4976	      0.0000	
      3.3796	  6.0000e-03	  6.4435e-04	  1.7965e-04	  2.2686e-03	  1.8330e-05	  0.0000e+00	  0.0000e+00	  0.0000e+00	  0.0000e+00	  0.0000e+00	  0.0000e+00	  7.3135e-04	  7.3135e-04	     -4.5071	     -8.5584	     -1.5073	      0.0000	
     3.38656	  6.1000e-03	  6.3215e-04	  1.7536e-04	  2.2619e-03	  1.7969e-05	  0.0000e+00	  0.0000e+00	  0.0000e+00	  0.0000e+00	  0.0000e+00	  0.0000e+00	  7.4145e-04	  7.4145e-04	     -4.4940	     -8.5290	     -1.5170	     -0.0000	
     3.39358	  6.2000e-03	  6.2013e-04	  1.7115e-04	  2.2551e-03	  1.7609e-05	  0.0000e+00	  0.0000e+00	  0.0000e+00	  0.0000e+00	  0.0000e+00	  0.0000e+00	  7.5153e-04	  7.5153e-04	     -4.4808	     -8.4992	     -1.5269	     -0.0000	
     3.40065	  6.3000e-03	  6.0827e-04	  1.6699e-04	  2.2482e-03	  1.7249e-05	  0.0000e+00	  0.0000e+00	  0.0000e+00	  0.0000e+00	  0.0000e+00	  0.0000e+00	  7.6159e-04	  7.6159e-04	     -4.4675	     -8.4692	     -1.5368	     -0.0000	
      3.4078	  6.4000e-03	  5.9659e-04	  1.6290e-04	  2.2413e-03	  1.6892e-05	  0.0000e+00	  0.0000e+00	  0.0000e+00	  0.0000e+00	  0.0000e+00	  0.0000e+00	  7.7163e-04	  7.7163e-04	     -4.4540	     -8.4388	     -1.5469	     -0.0000	
       3.415	  6.5000e-03	  5.8506e-04	  1.5888e-04	  2.2344e-03	  1.6535e-05	  0.0000e+00	  0.0000e+00	  0.0000e+00	  0.0000e+00	  0.0000e+00	  0.0000e+00	  7.8165e-04	  7.8165e-04	     -4.4404	     -8.4081	     -1.5570	     -0.0000	
     3.42228	  6.6000e-03	  5.7371e-04	  1.5490e-04	  2.2274e-03	  1.6180e-05	  0.0000e+00	  0.0000e+00	  0.0000e+00	  0.0000e+00	  0.0000e+00	  0.0000e+00	  7.9166e-04	  7.9166e-04	     -4.4266	     -8.3771	     -1.5673	     -0.0000	
     3.42963	  6.7000e-03	  5.6252e-04	  1.5099e-04	  2.2204e-03	  1.5826e-05	  0.0000e+00	  0.0000e+00	  0.0000e+00	  0.0000e+00	  0.0000e+00	  0.0000e+00	  8.0165e-04	  8.0165e-04	     -4.4127	     -8.3456	     -1.5776	     -0.0000	
     3.43705	  6.8000e-03	  5.5149e-04	  1.4712e-04	  2.2134e-03	  1.5474e-05	  0.0000e+00	  0.0000e+00	  0.0000e+00	  0.0000e+00	  0.0000e+00	  0.0000e+00	  8.1162e-04	  8.1162e-04	     -4.3986	     -8.3138	     -1.5881	     -0.0000	
     3.44454	  6.9000e-03	  5.4063e-04	  1.4331e-04	  2.2063e-03	  1.5123e-05	  0.0000e+00	  0.0000e+00	  0.0000e+00	  0.0000e+00	  0.0000e+00	  0.0000e+00	  8.2158e-04	  8.2158e-04	     -4.3843	     -8.2816	     -1.5988	      0.0000	
     3.45212	  7.0000e-03	  5.2993e-04	  1.3955e-04	  2.1992e-03	  1.4774e-05	  0.0000e+00	  0.0000e+00	  0.0000e+00	  0.0000e+00	  0.0000e+00	  0.0000e+00	  8.3151e-04	  8.3151e-04	     -4.3698	     -8.2489	     -1.6095	     -0.0000	
     3.45979	  7.1000e-03	  5.1939e-04	  1.3583e-04	  2.1920e-03	  1.4426e-05	  0.0000e+00	  0.0000e+00	  0.0000e+00	  0.0000e+00	  0.0000e+00	  0.0000e+00	  8.4143e-04	  8.4143e-04	     -4.3551	     -8.2157	     -1.6204	      0.0000	
     3.46754	  7.2000e-03	  5.0901e-04	  1.3215e-04	  2.1848e-03	  1.4080e-05	  0.0000e+00	  0.0000e+00	  0.0000e+00	  0.0000e+00	  0.0000e+00	  0.0000e+00	  8.5133e-04	  8.5133e-04	     -4.3402	     -8.1820	     -1.6315	     -0.0000	
     3.47539	  7.3000e-03	  4.9879e-04	  1.2852e-04	  2.1776e-03	  1.3736e-05	  0.0000e+00	  0.0000e+00	  0.0000e+00	  0.0000e+00	  0.0000e+00	  0.0000e+00	  8.6121e-04	  8.6121e-04	     -4.3250	     -8.1478	     -1.6427	      0.0000	
     3.48333	  7.4000e-03	  4.8873e-04	  1.2493e-04	  2.1704e-03	  1.3394e-05	  0.0000e+00	  0.0000e+00	  0.0000e+00	  0.0000e+00	  0.0000e+00	  0.0000e+00	  8.7107e-04	  8.7107e-04	     -4.3096	     -8.1130	     -1.6541	      0.0000	
     3.49137	  7.5000e-03	  4.7883e-04	  1.2137e-04	  2.1631e-03	  1.3053e-05	  0.0000e+00	  0.0000e+00	  0.0000e+00	  0.0000e+00	  0.0000e+00	  0.0000e+00	  8.8091e-04	  8.8091e-04	     -4.2940	     -8.0777	     -1.6657	     -0.0000	
     3.49953	  7.6000e-03	  4.6909e-04	  1.1785e-04	  2.1558e-03	  1.2714e-05	  0.0000e+00	  0.0000e+00	  0.0000e+00	  0.0000e+00	  0.0000e+00	  0.0000e+00	  8.9073e-04	  8.9073e-04	     -4.2781	     -8.0416	     -1.6774	      0.0000	
      3.5078	  7.7000e-03	  4.5951e-04	  1.1437e-04	  2.1484e-03	  1.2377e-05	  0.0000e+00	  0.0000e+00	  0.0000e+00	  0.0000e+00	  0.0000e+00	  0.0000e+00	  9.0053e-04	  9.0053e-04	     -4.2618	     -8.0049	     -1.6894	      0.0000	
     3.51618	  7.8000e-03	  4.5008e-04	  1.1091e-04	  2.1410e-03	  1.2042e-05	  0.0000e+00	  0.0000e+00	  0.0000e+00	  0.0000e+00	  0.0000e+00	  0.0000e+00	  9.1031e-04	  9.1031e-04	     -4.2453	     -7.9675	     -1.7016	      0.0000	
      3.5247	  7.9000e-03	  4.4081e-04	  1.0749e-04	  2.1336e-03	  1.1708e-05	  0.0000e+00	  0.0000e+00	  0.0000e+00	  0.0000e+00	  0.0000e+00	  0.0000e+00	  9.2006e-04	  9.2006e-04	     -4.2284	     -7.9293	     -1.7140	     -0.0000	
     3.53335	  8.0000e-03	  4.3170e-04	  1.0409e-04	  2.1262e-03	  1.1377e-05	  0.0000e+00	  0.0000e+00	  0.0000e+00	  0.0000e+00	  0.0000e+00	  0.0000e+00	  9.2979e-04	  9.2979e-04	     -4.2112	     -7.8902	     -1.7267	      0.0000	
     3.54215	  8.1000e-03	  4.2274e-04	  1.0071e-04	  2.1187e-03	  1.1047e-05	  0.0000e+00	  0.0000e+00	  0.0000e+00	  0.0000e+00	  0.0000e+00	  0.0000e+00	  9.3950e-04	  9.3950e-04	     -4.1935	     -7.8502	     -1.7396	     -0.0000	
     3.55109	  8.2000e-03	  4.1394e-04	  9.7361e-05	  2.1112e-03	  1.0719e-05	  0.0000e+00	  0.0000e+00	  0.0000e+00	  0.0000e+00	  0.0000e+00	  0.0000e+00	  9.4918e-04	  9.4918e-04	     -4.1755	     -7.8093	     -1.7528	     -0.0000	
     3.56021	  8.3000e-03	  4.0530e-04	  9.4031e-05	  2.1037e-03	  1.0393e-05	  0.0000e+00	  0.0000e+00	  0.0000e+00	  0.0000e+00	  0.0000e+00	  0.0000e+00	  9.5883e-04	  9.5883e-04	     -4.1570	     -7.7673	     -1.7663	      0.0000	
     3.56949	  8.4000e-03	  3.9681e-04	  9.0719e-05	  2.0962e-03	  1.0069e-05	  0.0000e+00	  0.0000e+00	  0.0000e+00	  0.0000e+00	  0.0000e+00	  0.0000e+00	  9.6845e-04	  9.6845e-04	     -4.1380	     -7.7242	     -1.7802	      0.0000	
     3.57896	  8.5000e-03	  3.8847e-04	  8.7425e-05	  2.0887e-03	  9.7472e-06	  0.0000e+00	  0.0000e+00	  0.0000e+00	  0.0000e+00	  0.0000e+00	  0.0000e+00	  9.7804e-04	  9.7804e-04	     -4.1185	     -7.6798	     -1.7944	     -0.0000	
     3.58863	  8.6000e-03	  3.8029e-04	  8.4146e-05	  2.0811e-03	  9.4268e-06	  0.0000e+00	  0.0000e+00	  0.0000e+00	  0.0000e+00	  0.0000e+00	  0.0000e+00	  9.8759e-04	  9.8759e-04	     -4.0984	     -7.6341	     -1.8090	     -0.0000	
     3.59852	  8.7000e-03	  3.7226e-04	  8.0881e-05	  2.0736e-03	  9.1082e-06	  0.0000e+00	  0.0000e+00	  0.0000e+00	  0.0000e+00	  0.0000e+00	  0.0000e+00	  9.9711e-04	  9.9711e-04	     -4.0777	     -7.5870	     -1.8240	      0.0000	
     3.60864	  8.8000e-03	  3.6440e-04	  7.7627e-05	  2.0660e-03	  8.7913e-06	  0.0000e+00	  0.0000e+00	  0.0000e+00	  0.0000e+00	  0.0000e+00	  0.0000e+00	  1.0066e-03	  1.0066e-03	     -4.0563	     -7.5384	     -1.8394	     -0.0000	
     3.61901	  8.9000e-03	  3.5668e-04	  7.4382e-05	  2.0585e-03	  8.4762e-06	  0.0000e+00	  0.0000e+00	  0.0000e+00	  0.0000e+00	  0.0000e+00	  0.0000e+00	  1.0160e-03	  1.0160e-03	     -4.0342	     -7.4880	     -1.8554	     -0.0000	
     3.62966	  9.0000e-03	  3.4913e-04	  7.1147e-05	  2.0509e-03	  8.1627e-06	  0.0000e+00	  0.0000e+00	  0.0000e+00	  0.0000e+00	  0.0000e+00	  0.0000e+00	  1.0254e-03	  1.0254e-03	     -4.0113	     -7.4357	     -1.8719	      0.0000	
      3.6406	  9.1000e-03	  3.4174e-04	  6.7918e-05	  2.0433e-03	  7.8508e-06	  0.0000e+00	  0.0000e+00	  0.0000e+00	  0.0000e+00	  0.0000e+00	  0.0000e+00	  1.0348e-03	  1.0348e-03	     -3.9875	     -7.3814	     -1.8889	     -0.0000	
     3.65186	  9.2000e-03	  3.3450e-04	  6.4694e-05	  2.0358e-03	  7.5404e-06	  0.0000e+00	  0.0000e+00	  0.0000e+00	  0.0000e+00	  0.0000e+00	  0.0000e+00	  1.0441e-03	  1.0441e-03	     -3.9628	     -7.3249	     -1.9066	      0.0000	
     3.66349	  9.3000e-03	  3.2743e-04	  6.1476e-05	  2.0283e-03	  7.2315e-06	  0.0000e+00	  0.0000e+00	  0.0000e+00	  0.0000e+00	  0.0000e+00	  0.0000e+00	  1.0533e-03	  1.0533e-03	     -3.9369	     -7.2659	     -1.9251	      0.0000	
      3.6755	  9.4000e-03	  3.2052e-04	  5.8262e-05	  2.0208e-03	  6.9240e-06	  0.0000e+00	  0.0000e+00	  0.0000e+00	  0.0000e+00	  0.0000e+00	  0.0000e+00	  1.0625e-03	  1.0625e-03	     -3.9100	     -7.2041	     -1.9443	     -0.0000	
     3.68794	  9.5000e-03	  3.1379e-04	  5.5052e-05	  2.0133e-03	  6.6177e-06	  0.0000e+00	  0.0000e+00	  0.0000e+00	  0.0000e+00	  0.0000e+00	  0.0000e+00	  1.0715e-03	  1.0715e-03	     -3.8817	     -7.1393	     -1.9644	      0.0000	
     3.70086	  9.6000e-03	  3.0722e-04	  5.1847e-05	  2.0059e-03	  6.3128e-06	  0.0000e+00	  0.0000e+00	  0.0000e+00	  0.0000e+00	  0.0000e+00	  0.0000e+00	  1.0806e-03	  1.0806e-03	     -3.8519	     -7.0712	     -1.9854	     -0.0000	
     3.71431	  9.7000e-03	  3.0083e-04	  4.8647e-05	  1.9985e-03	  6.0090e-06	  0.0000e+00	  0.0000e+00	  0.0000e+00	  0.0000e+00	  0.0000e+00	  0.0000e+00	  1.0895e-03	  1.0895e-03	     -3.8206	     -6.9992	     -2.0075	      0.0000	
     3.72834	  9.8000e-03	  2.9462e-04	  4.5456e-05	  1.9911e-03	  5.7064e-06	  0.0000e+00	  0.0000e+00	  0.0000e+00	  0.0000e+00	  0.0000e+00	  0.0000e+00	  1.0983e-03	  1.0983e-03	     -3.7874	     -6.9231	     -2.0308	      0.0000	
     3.74302	  9.9000e-03	  2.8861e-04	  4.2278e-05	  1.9839e-03	  5.4050e-06	  0.0000e+00	  0.0000e+00	  0.0000e+00	  0.0000e+00	  0.0000e+00	  0.0000e+00	  1.1070e-03	  1.1070e-03	     -3.7523	     -6.8422	     -2.0554	      0.0000	
     3.75843	  1.0000e-02	  2.8278e-04	  3.9116e-05	  1.9767e-03	  5.1049e-06	  0.0000e+00	  0.0000e+00	  0.0000e+00	  0.0000e+00	  0.0000e+00	  0.0000e+00	  1.1156e-03	  1.1156e-03	     -3.7149	     -6.7561	     -2.0816	     -0.0000	
     3.77466	  1.0100e-02	  2.7717e-04	  3.5980e-05	  1.9697e-03	  4.8063e-06	  0.0000e+00	  0.0000e+00	  0.0000e+00	  0.0000e+00	  0.0000e+00	  0.0000e+00	  1.1240e-03	  1.1240e-03	     -3.6749	     -6.6641	     -2.1094	     -0.0000	
     3.79178	  1.0200e-02	  2.7176e-04	  3.2879e-05	  1.9627e-03	  4.5095e-06	  0.0000e+00	  0.0000e+00	  0.0000e+00	  0.0000e+00	  0.0000e+00	  0.0000e+00	  1.1323e-03	  1.1323e-03	     -3.6322	     -6.5656	     -2.1390	     -0.0000	
     3.80989	  1.0300e-02	  2.6658e-04	  2.9828e-05	  1.9559e-03	  4.2150e-06	  0.0000e+00	  0.0000e+00	  0.0000e+00	  0.0000e+00	  0.0000e+00	  0.0000e+00	  1.1404e-03	  1.1404e-03	     -3.5863	     -6.4597	     -2.1707	     -0.0000	
      3.8291	  1.0400e-02	  2.6164e-04	  2.6845e-05	  1.9492e-03	  3.9238e-06	  0.0000e+00	  0.0000e+00	  0.0000e+00	  0.0000e+00	  0.0000e+00	  0.0000e+00	  1.1482e-03	  1.1482e-03	     -3.5371	     -6.3459	     -2.2047	     -0.0000	
     3.84949	  1.0500e-02	  2.5695e-04	  2.3952e-05	  1.9428e-03	  3.6369e-06	  0.0000e+00	  0.0000e+00	  0.0000e+00	  0.0000e+00	  0.0000e+00	  0.0000e+00	  1.1559e-03	  1.1559e-03	     -3.4841	     -6.2234	     -2.2411	     -0.0000	
     3.87112	  1.0600e-02	  2.5251e-04	  2.1175e-05	  1.9365e-03	  3.3560e-06	  0.0000e+00	  0.0000e+00	  0.0000e+00	  0.0000e+00	  0.0000e+00	  0.0000e+00	  1.1633e-03	  1.1633e-03	     -3.4272	     -6.0917	     -2.2801	      0.0000	
     3.89402	  1.0700e-02	  2.4833e-04	  1.8544e-05	  1.9304e-03	  3.0832e-06	  0.0000e+00	  0.0000e+00	  0.0000e+00	  0.0000e+00	  0.0000e+00	  0.0000e+00	  1.1705e-03	  1.1705e-03	     -3.3663	     -5.9506	     -2.3218	      0.0000	
     3.91818	  1.0800e-02	  2.4441e-04	  1.6090e-05	  1.9245e-03	  2.8209e-06	  0.0000e+00	  0.0000e+00	  0.0000e+00	  0.0000e+00	  0.0000e+00	  0.0000e+00	  1.1775e-03	  1.1775e-03	     -3.3014	     -5.8002	     -2.3661	      0.0000	
      3.9435	  1.0900e-02	  2.4074e-04	  1.3841e-05	  1.9188e-03	  2.5719e-06	  0.0000e+00	  0.0000e+00	  0.0000e+00	  0.0000e+00	  0.0000e+00	  0.0000e+00	  1.1842e-03	  1.1842e-03	     -3.2328	     -5.6413	     -2.4128	      0.0000	
     3.96982	  1.1000e-02	  2.3730e-04	  1.1819e-05	  1.9132e-03	  2.3387e-06	  0.0000e+00	  0.0000e+00	  0.0000e+00	  0.0000e+00	  0.0000e+00	  0.0000e+00	  1.1907e-03	  1.1907e-03	     -3.1611	     -5.4750	     -2.4616	     -0.0000	
      3.9969	  1.1100e-02	  2.3407e-04	  1.0036e-05	  1.9078e-03	  2.1235e-06	  0.0000e+00	  0.0000e+00	  0.0000e+00	  0.0000e+00	  0.0000e+00	  0.0000e+00	  1.1970e-03	  1.1970e-03	     -3.0870	     -5.3031	     -2.5119	     -0.0000	
     4.02446	  1.1200e-02	  2.3100e-04	  8.4913e-06	  1.9025e-03	  1.9279e-06	  0.0000e+00	  0.0000e+00	  0.0000e+00	  0.0000e+00	  0.0000e+00	  0.0000e+00	  1.2031e-03	  1.2031e-03	     -3.0114	     -5.1275	     -2.5633	      0.0000	
     4.05224	  1.1300e-02	  2.2807e-04	  7.1731e-06	  1.8973e-03	  1.7522e-06	  0.0000e+00	  0.0000e+00	  0.0000e+00	  0.0000e+00	  0.0000e+00	  0.0000e+00	  1.2092e-03	  1.2092e-03	     -2.9351	     -4.9503	     -2.6152	     -0.0000	
     4.07998	  1.1400e-02	  2.2525e-04	  6.0619e-06	  1.8921e-03	  1.5961e-06	  0.0000e+00	  0.0000e+00	  0.0000e+00	  0.0000e+00	  0.0000e+00	  0.0000e+00	  1.2153e-03	  1.2153e-03	     -2.8589	     -4.7735	     -2.6669	     -0.0000	
     4.10747	  1.1500e-02	  2.2250e-04	  5.1328e-06	  1.8868e-03	  1.4586e-06	  0.0000e+00	  0.0000e+00	  0.0000e+00	  0.0000e+00	  0.0000e+00	  0.0000e+00	  1.2213e-03	  1.2213e-03	     -2.7835	     -4.5986	     -2.7181	      0.0000	
     4.13454	  1.1600e-02	  2.1980e-04	  4.3598e-06	  1.8816e-03	  1.3381e-06	  0.0000e+00	  0.0000e+00	  0.0000e+00	  0.0000e+00	  0.0000e+00	  0.0000e+00	  1.2273e-03	  1.2273e-03	     -2.7094	     -4.4268	     -2.7684	      0.0000	
     4.16108	  1.1700e-02	  2.1715e-04	  3.7180e-06	  1.8763e-03	  1.2327e-06	  0.0000e+00	  0.0000e+00	  0.0000e+00	  0.0000e+00	  0.0000e+00	  0.0000e+00	  1.2334e-03	  1.2334e-03	     -2.6371	     -4.2589	     -2.8177	     -0.0000	
     4.18704	  1.1800e-02	  2.1452e-04	  3.1848e-06	  1.8709e-03	  1.1408e-06	  0.0000e+00	  0.0000e+00	  0.0000e+00	  0.0000e+00	  0.0000e+00	  0.0000e+00	  1.2396e-03	  1.2396e-03	     -2.5665	     -4.0953	     -2.8657	     -0.0000	
     4.21237	  1.1900e-02	  2.1192e-04	  2.7409e-06	  1.8655e-03	  1.0606e-06	  0.0000e+00	  0.0000e+00	  0.0000e+00	  0.0000e+00	  0.0000e+00	  0.0000e+00	  1.2457e-03	  1.2457e-03	     -2.4980	     -3.9364	     -2.9124	      0.0000	
     4.23707	  1.2000e-02	  2.0933e-04	  2.3702e-06	  1.8600e-03	  9.9044e-07	  0.0000e+00	  0.0000e+00	  0.0000e+00	  0.0000e+00	  0.0000e+00	  0.0000e+00	  1.2520e-03	  1.2520e-03	     -2.4315	     -3.7822	     -2.9578	     -0.0000	
     4.26115	  1.2100e-02	  2.0677e-04	  2.0593e-06	  1.8545e-03	  9.2902e-07	  0.0000e+00	  0.0000e+00	  0.0000e+00	  0.0000e+00	  0.0000e+00	  0.0000e+00	  1.2583e-03	  1.2583e-03	     -2.3669	     -3.6326	     -3.0019	      0.0000	
     4.28463	  1.2200e-02	  2.0423e-04	  1.7972e-06	  1.8489e-03	  8.7510e-07	  0.0000e+00	  0.0000e+00	  0.0000e+00	  0.0000e+00	  0.0000e+00	  0.0000e+00	  1.2646e-03	  1.2646e-03	     -2.3043	     -3.4875	     -3.0447	     -0.0000	
     4.30753	  1.2300e-02	  2.0171e-04	  1.5753e-06	  1.8432e-03	  8.2765e-07	  0.0000e+00	  0.0000e+00	  0.0000e+00	  0.0000e+00	  0.0000e+00	  0.0000e+00	  1.2710e-03	  1.2710e-03	     -2.2434	     -3.3466	     -3.0863	      0.0000	
     4.32988	  1.2400e-02	  1.9922e-04	  1.3865e-06	  1.8376e-03	  7.8575e-07	  0.0000e+00	  0.0000e+00	  0.0000e+00	  0.0000e+00	  0.0000e+00	  0.0000e+00	  1.2774e-03	  1.2774e-03	     -2.1843	     -3.2098	     -3.1268	     -0.0000	
     4.35173	  1.2500e-02	  1.9675e-04	  1.2250e-06	  1.8318e-03	  7.4867e-07	  0.0000e+00	  0.0000e+00	  0.0000e+00	  0.0000e+00	  0.0000e+00	  0.0000e+00	  1.2838e-03	  1.2838e-03	     -2.1269	     -3.0768	     -3.1662	      0.0000	
     4.37309	  1.2600e-02	  1.9432e-04	  1.0863e-06	  1.8261e-03	  7.1576e-07	  0.0000e+00	  0.0000e+00	  0.0000e+00	  0.0000e+00	  0.0000e+00	  0.0000e+00	  1.2903e-03	  1.2903e-03	     -2.0709	     -2.9473	     -3.2046	     -0.0000	
     4.39402	  1.2700e-02	  1.9193e-04	  9.6644e-07	  1.8203e-03	  6.8646e-07	  0.0000e+00	  0.0000e+00	  0.0000e+00	  0.0000e+00	  0.0000e+00	  0.0000e+00	  1.2968e-03	  1.2968e-03	     -2.0164	     -2.8212	     -3.2421	     -0.0000	
     4.41452	  1.2800e-02	  1.8957e-04	  8.6252e-07	  1.8145e-03	  6.6032e-07	  0.0000e+00	  0.0000e+00	  0.0000e+00	  0.0000e+00	  0.0000e+00	  0.0000e+00	  1.3033e-03	  1.3033e-03	     -1.9631	     -2.6981	     -3.2787	     -0.0000	
     4.43464	  1.2900e-02	  1.8726e-04	  7.7199e-07	  1.8087e-03	  6.3693e-07	  0.0000e+00	  0.0000e+00	  0.0000e+00	  0.0000e+00	  0.0000e+00	  0.0000e+00	  1.3098e-03	  1.3098e-03	     -1.9111	     -2.5778	     -3.3146	     -0.0000	
     4.45441	  1.3000e-02	  1.8499e-04	  6.9281e-07	  1.8028e-03	  6.1597e-07	  0.0000e+00	  0.0000e+00	  0.0000e+00	  0.0000e+00	  0.0000e+00	  0.0000e+00	  1.3163e-03	  1.3163e-03	     -1.8602	     -2.4602	     -3.3496	     -0.0000	
     4.47384	  1.3100e-02	  1.8277e-04	  6.2328e-07	  1.7970e-03	  5.9715e-07	  0.0000e+00	  0.0000e+00	  0.0000e+00	  0.0000e+00	  0.0000e+00	  0.0000e+00	  1.3228e-03	  1.3228e-03	     -1.8103	     -2.3450	     -3.3840	      0.0000	
     4.49297	  1.3200e-02	  1.8060e-04	  5.6202e-07	  1.7912e-03	  5.8021e-07	  0.0000e+00	  0.0000e+00	  0.0000e+00	  0.0000e+00	  0.0000e+00	  0.0000e+00	  1.3293e-03	  1.3293e-03	     -1.7614	     -2.2320	     -3.4178	     -0.0000	
     4.51181	  1.3300e-02	  1.7848e-04	  5.0784e-07	  1.7854e-03	  5.6494e-07	  0.0000e+00	  0.0000e+00	  0.0000e+00	  0.0000e+00	  0.0000e+00	  0.0000e+00	  1.3358e-03	  1.3358e-03	     -1.7134	     -2.1211	     -3.4510	      0.0000	
     4.53039	  1.3400e-02	  1.7642e-04	  4.5979e-07	  1.7796e-03	  5.5117e-07	  0.0000e+00	  0.0000e+00	  0.0000e+00	  0.0000e+00	  0.0000e+00	  0.0000e+00	  1.3423e-03	  1.3423e-03	     -1.6662	     -2.0122	     -3.4836	     -0.0000	
     4.54866	  1.3500e-02	  1.7443e-04	  4.1716e-07	  1.7738e-03	  5.3877e-07	  0.0000e+00	  0.0000e+00	  0.0000e+00	  0.0000e+00	  0.0000e+00	  0.0000e+00	  1.3487e-03	  1.3487e-03	     -1.6199	     -1.9054	     -3.5156	     -0.0000	
     4.56671	  1.3600e-02	  1.7250e-04	  3.7910e-07	  1.7681e-03	  5.2755e-07	  0.0000e+00	  0.0000e+00	  0.0000e+00	  0.0000e+00	  0.0000e+00	  0.0000e+00	  1.3551e-03	  1.3551e-03	     -1.5743	     -1.8001	     -3.5472	      0.0000	
     4.58456	  1.3700e-02	  1.7063e-04	  3.4501e-07	  1.7624e-03	  5.1740e-07	  0.0000e+00	  0.0000e+00	  0.0000e+00	  0.0000e+00	  0.0000e+00	  0.0000e+00	  1.3614e-03	  1.3614e-03	     -1.5293	     -1.6964	     -3.5783	      0.0000	
     4.60222	  1.3800e-02	  1.6882e-04	  3.1442e-07	  1.7567e-03	  5.0821e-07	  0.0000e+00	  0.0000e+00	  0.0000e+00	  0.0000e+00	  0.0000e+00	  0.0000e+00	  1.3677e-03	  1.3677e-03	     -1.4849	     -1.5940	     -3.6091	     -0.0000	
      4.6197	  1.3900e-02	  1.6708e-04	  2.8690e-07	  1.7510e-03	  4.9989e-07	  0.0000e+00	  0.0000e+00	  0.0000e+00	  0.0000e+00	  0.0000e+00	  0.0000e+00	  1.3740e-03	  1.3740e-03	     -1.4411	     -1.4928	     -3.6395	      0.0000	
     4.63703	  1.4000e-02	  1.6541e-04	  2.6210e-07	  1.7454e-03	  4.9237e-07	  0.0000e+00	  0.0000e+00	  0.0000e+00	  0.0000e+00	  0.0000e+00	  0.0000e+00	  1.3802e-03	  1.3802e-03	     -1.3977	     -1.3928	     -3.6696	     -0.0000	
     4.65419	  1.4100e-02	  1.6381e-04	  2.3969e-07	  1.7399e-03	  4.8557e-07	  0.0000e+00	  0.0000e+00	  0.0000e+00	  0.0000e+00	  0.0000e+00	  0.0000e+00	  1.3864e-03	  1.3864e-03	     -1.3548	     -1.2938	     -3.6994	     -0.0000	
     4.67122	  1.4200e-02	  1.6229e-04	  2.1940e-07	  1.7343e-03	  4.7944e-07	  0.0000e+00	  0.0000e+00	  0.0000e+00	  0.0000e+00	  0.0000e+00	  0.0000e+00	  1.3925e-03	  1.3925e-03	     -1.3123	     -1.1958	     -3.7289	     -0.0000	
     4.68811	  1.4300e-02	  1.6083e-04	  2.0102e-07	  1.7289e-03	  4.7392e-07	  0.0000e+00	  0.0000e+00	  0.0000e+00	  0.0000e+00	  0.0000e+00	  0.0000e+00	  1.3985e-03	  1.3985e-03	     -1.2702	     -1.0987	     -3.7582	      0.0000	
     4.70488	  1.4400e-02	  1.5946e-04	  1.8432e-07	  1.7235e-03	  4.6896e-07	  0.0000e+00	  0.0000e+00	  0.0000e+00	  0.0000e+00	  0.0000e+00	  0.0000e+00	  1.4045e-03	  1.4045e-03	     -1.2284	     -1.0024	     -3.7872	     -0.0000	
     4.72152	  1.4500e-02	  1.5817e-04	  1.6914e-07	  1.7181e-03	  4.6453e-07	  0.0000e+00	  0.0000e+00	  0.0000e+00	  0.0000e+00	  0.0000e+00	  0.0000e+00	  1.4104e-03	  1.4104e-03	     -1.1870	     -0.9069	     -3.8160	     -0.0000	
     4.73806	  1.4600e-02	  1.5695e-04	  1.5532e-07	  1.7128e-03	  4.6059e-07	  0.0000e+00	  0.0000e+00	  0.0000e+00	  0.0000e+00	  0.0000e+00	  0.0000e+00	  1.4162e-03	  1.4162e-03	     -1.1458	     -0.8122	     -3.8446	     -0.0000	
     4.75449	  1.4700e-02	  1.5582e-04	  1.4272e-07	  1.7076e-03	  4.5711e-07	  0.0000e+00	  0.0000e+00	  0.0000e+00	  0.0000e+00	  0.0000e+00	  0.0000e+00	  1.4220e-03	  1.4220e-03	     -1.1050	     -0.7180	     -3.8730	     -0.0000	
     4.77081	  1.4800e-02	  1.5477e-04	  1.3122e-07	  1.7025e-03	  4.5405e-07	  0.0000e+00	  0.0000e+00	  0.0000e+00	  0.0000e+00	  0.0000e+00	  0.0000e+00	  1.4277e-03	  1.4277e-03	     -1.0644	     -0.6245	     -3.9012	     -0.0000	
     4.78703	  1.4900e-02	  1.5381e-04	  1.2071e-07	  1.6974e-03	  4.5141e-07	  0.0000e+00	  0.0000e+00	  0.0000e+00	  0.0000e+00	  0.0000e+00	  0.0000e+00	  1.4333e-03	  1.4333e-03	     -1.0241	     -0.5316	     -3.9292	     -0.0000	
     4.80316	  1.5000e-02	  1.5294e-04	  1.1110e-07	  1.6924e-03	  4.4915e-07	  0.0000e+00	  0.0000e+00	  0.0000e+00	  0.0000e+00	  0.0000e+00	  0.0000e+00	  1.4388e-03	  1.4388e-03	     -0.9840	     -0.4392	     -3.9571	      0.0000	
     4.81919	  1.5100e-02	  1.5216e-04	  1.0230e-07	  1.6875e-03	  4.4726e-07	  0.0000e+00	  0.0000e+00	  0.0000e+00	  0.0000e+00	  0.0000e+00	  0.0000e+00	  1.4442e-03	  1.4442e-03	     -0.9442	     -0.3474	     -3.9848	      0.0000	
     4.83513	  1.5200e-02	  1.5147e-04	  9.4240e-08	  1.6827e-03	  4.4573e-07	  0.0000e+00	  0.0000e+00	  0.0000e+00	  0.0000e+00	  0.0000e+00	  0.0000e+00	  1.4494e-03	  1.4494e-03	     -0.9046	     -0.2561	     -4.0124	     -0.0000	
     4.85097	  1.5300e-02	  1.5087e-04	  8.6854e-08	  1.6780e-03	  4.4454e-07	  0.0000e+00	  0.0000e+00	  0.0000e+00	  0.0000e+00	  0.0000e+00	  0.0000e+00	  1.4546e-03	  1.4546e-03	     -0.8651	     -0.1652	     -4.0398	      0.0000	
     4.86672	  1.5400e-02	  1.5037e-04	  8.0080e-08	  1.6733e-03	  4.4369e-07	  0.0000e+00	  0.0000e+00	  0.0000e+00	  0.0000e+00	  0.0000e+00	  0.0000e+00	  1.4597e-03	  1.4597e-03	     -0.8259	     -0.0748	     -4.0670	     -0.0000	
     4.88055	  1.5500e-02	  1.4936e-04	  7.5037e-08	  1.6681e-03	  4.4320e-07	  0.0000e+00	  0.0000e+00	  2.0161e-06	  2.0161e-06	  0.0000e+00	  0.0000e+00	  1.4629e-03	  1.4629e-03	     -0.7933	     -0.0000	     -4.0900	     -0.0000	
     4.88535	  1.5600e-02	  1.4546e-04	  7.6017e-08	  1.6598e-03	  4.4302e-07	  0.0000e+00	  0.0000e+00	  1.3967e-05	  1.3967e-05	  0.0000e+00	  0.0000e+00	  1.4572e-03	  1.4572e-03	     -0.7925	      0.0000	     -4.0926	     -0.0000	
     4.89019	  1.5700e-02	  1.4164e-04	  7.7019e-08	  1.6516e-03	  4.4287e-07	  0.0000e+00	  0.0000e+00	  2.5880e-05	  2.5880e-05	  0.0000e+00	  0.0000e+00	  1.4514e-03	  1.4514e-03	     -0.7916	     -0.0000	     -4.0951	     -0.0000	
     4.89506	  1.5800e-02	  1.3790e-04	  7.8045e-08	  1.6433e-03	  4.4275e-07	  0.0000e+00	  0.0000e+00	  3.7756e-05	  3.7756e-05	  0.0000e+00	  0.0000e+00	  1.4457e-03	  1.4457e-03	     -0.7908	     -0.0000	     -4.0977	     -0.0000	
     4.89997	  1.5900e-02	  1.3425e-04	  7.9095e-08	  1.6351e-03	  4.4265e-07	  0.0000e+00	  0.0000e+00	  4.9593e-05	  4.9593e-05	  0.0000e+00	  0.0000e+00	  1.4401e-03	  1.4401e-03	     -0.7899	      0.0000	     -4.1003	     -0.0000	
     4.90493	  1.6000e-02	  1.3066e-04	  8.0170e-08	  1.6269e-03	  4.4259e-07	  0.0000e+00	  0.0000e+00	  6.1390e-05	  6.1390e-05	  0.0000e+00	  0.0000e+00	  1.4344e-03	  1.4344e-03	     -0.7890	      0.0000	     -4.1029	     -0.0000	
     4.90992	  1.6100e-02	  1.2716e-04	  8.1271e-08	  1.6188e-03	  4.4256e-07	  0.0000e+00	  0.0000e+00	  7.3145e-05	  7.3145e-05	  0.0000e+00	  0.0000e+00	  1.4287e-03	  1.4287e-03	     -0.7882	     -0.0000	     -4.1055	     -0.0000	
     4.91495	  1.6200e-02	  1.2373e-04	  8.2398e-08	  1.6107e-03	  4.4255e-07	  0.0000e+00	  0.0000e+00	  8.4859e-05	  8.4859e-05	  0.0000e+00	  0.0000e+00	  1.4231e-03	  1.4231e-03	     -0.7873	      0.0000	     -4.1082	      0.0000	
     4.92003	  1.6300e-02	  1.2037e-04	  8.3552e-08	  1.6026e-03	  4.4258e-07	  0.0000e+00	  0.0000e+00	  9.6528e-05	  9.6528e-05	  0.0000e+00	  0.0000e+00	  1.4175e-03	  1.4175e-03	     -0.7864	     -0.0000	     -4.1109	      0.0000	
     4.92515	  1.6400e-02	  1.1708e-04	  8.4735e-08	  1.5946e-03	  4.4265e-07	  0.0000e+00	  0.0000e+00	  1.0815e-04	  1.0815e-04	  0.0000e+00	  0.0000e+00	  1.4120e-03	  1.4120e-03	     -0.7855	      0.0000	     -4.1136	     -0.0000	
     4.93031	  1.6500e-02	  1.1386e-04	  8.5946e-08	  1.5866e-03	  4.4275e-07	  0.0000e+00	  0.0000e+00	  1.1973e-04	  1.1973e-04	  0.0000e+00	  0.0000e+00	  1.4064e-03	  1.4064e-03	     -0.7845	     -0.0000	     -4.1164	     -0.0000	
     4.93552	  1.6600e-02	  1.1072e-04	  8.7188e-08	  1.5787e-03	  4.4288e-07	  0.0000e+00	  0.0000e+00	  1.3126e-04	  1.3126e-04	  0.0000e+00	  0.0000e+00	  1.4009e-03	  1.4009e-03	     -0.7836	      0.0000	     -4.1192	      0.0000	
     4.94078	  1.6700e-02	  1.0764e-04	  8.8462e-08	  1.5708e-03	  4.4305e-07	  0.0000e+00	  0.0000e+00	  1.4274e-04	  1.4274e-04	  0.0000e+00	  0.0000e+00	  1.3954e-03	  1.3954e-03	     -0.7827	      0.0000	     -4.1220	      0.0000	
     4.94608	  1.6800e-02	  1.0463e-04	  8.9767e-08	  1.5629e-03	  4.4326e-07	  0.0000e+00	  0.0000e+00	  1.5417e-04	  1.5417e-04	  0.0000e+00	  0.0000e+00	  1.3899e-03	  1.3899e-03	     -0.7817	     -0.0000	     -4.1248	     -0.0000	
     4.95143	  1.6900e-02	  1.0168e-04	  9.1106e-08	  1.5551e-03	  4.4351e-07	  0.0000e+00	  0.0000e+00	  1.6555e-04	  1.6555e-04	  0.0000e+00	  0.0000e+00	  1.3845e-03	  1.3845e-03	     -0.7808	     -0.0000	     -4.1277	      0.0000	
     4.95683	  1.7000e-02	  9.8797e-05	  9.2480e-08	  1.5473e-03	  4.4379e-07	  0.0000e+00	  0.0000e+00	  1.7687e-04	  1.7687e-04	  0.0000e+00	  0.0000e+00	  1.3791e-03	  1.3791e-03	     -0.7798	     -0.0000	     -4.1305	      0.0000	
     4.96229	  1.7100e-02	  9.5978e-05	  9.3890e-08	  1.5396e-03	  4.4413e-07	  0.0000e+00	  0.0000e+00	  1.8814e-04	  1.8814e-04	  0.0000e+00	  0.0000e+00	  1.3737e-03	  1.3737e-03	     -0.7788	      0.0000	     -4.1335	     -0.0000	
     4.96779	  1.7200e-02	  9.3222e-05	  9.5337e-08	  1.5320e-03	  4.4450e-07	  0.0000e+00	  0.0000e+00	  1.9934e-04	  1.9934e-04	  0.0000e+00	  0.0000e+00	  1.3684e-03	  1.3684e-03	     -0.7779	      0.0000	     -4.1364	     -0.0000	
     4.97335	  1.7300e-02	  9.0527e-05	  9.6823e-08	  1.5244e-03	  4.4492e-07	  0.0000e+00	  0.0000e+00	  2.1049e-04	  2.1049e-04	  0.0000e+00	  0.0000e+00	  1.3631e-03	  1.3631e-03	     -0.7769	      0.0000	     -4.1394	      0.0000	
     4.97897	  1.7400e-02	  8.7891e-05	  9.8349e-08	  1.5168e-03	  4.4539e-07	  0.0000e+00	  0.0000e+00	  2.2158e-04	  2.2158e-04	  0.0000e+00	  0.0000e+00	  1.3578e-03	  1.3578e-03	     -0.7759	      0.0000	     -4.1424	      0.0000	
     4.98464	  1.7500e-02	  8.5315e-05	  9.9917e-08	  1.5093e-03	  4.4591e-07	  0.0000e+00	  0.0000e+00	  2.3260e-04	  2.3260e-04	  0.0000e+00	  0.0000e+00	  1.3525e-03	  1.3525e-03	     -0.7748	     -0.0000	     -4.1455	     -0.0000	
     4.99037	  1.7600e-02	  8.2797e-05	  1.0153e-07	  1.5019e-03	  4.4649e-07	  0.0000e+00	  0.0000e+00	  2.4355e-04	  2.4355e-04	  0.0000e+00	  0.0000e+00	  1.3473e-03	  1.3473e-03	     -0.7738	     -0.0000	     -4.1486	      0.0000	
     4.99616	  1.7700e-02	  8.0335e-05	  1.0318e-07	  1.4945e-03	  4.4712e-07	  0.0000e+00	  0.0000e+00	  2.5443e-04	  2.5443e-04	  0.0000e+00	  0.0000e+00	  1.3421e-03	  1.3421e-03	     -0.7728	      0.0000	     -4.1517	     -0.0000	
     5.00202	  1.7800e-02	  7.7930e-05	  1.0489e-07	  1.4872e-03	  4.4780e-07	  0.0000e+00	  0.0000e+00	  2.6525e-04	  2.6525e-04	  0.0000e+00	  0.0000e+00	  1.3370e-03	  1.3370e-03	     -0.7717	     -0.0000	     -4.1549	      0.0000	
     5.00794	  1.7900e-02	  7.5579e-05	  1.0664e-07	  1.4800e-03	  4.4855e-07	  0.0000e+00	  0.0000e+00	  2.7598e-04	  2.7598e-04	  0.0000e+00	  0.0000e+00	  1.3319e-03	  1.3319e-03	     -0.7706	      0.0000	     -4.1581	     -0.0000	
     5.01392	  1.8000e-02	  7.3282e-05	  1.0844e-07	  1.4728e-03	  4.4936e-07	  0.0000e+00	  0.0000e+00	  2.8664e-04	  2.8664e-04	  0.0000e+00	  0.0000e+00	  1.3269e-03	  1.3269e-03	     -0.7696	     -0.0000	     -4.1613	     -0.0000	
     5.01997	  1.8100e-02	  7.1039e-05	  1.1030e-07	  1.4657e-03	  4.5024e-07	  0.0000e+00	  0.0000e+00	  2.9722e-04	  2.9722e-04	  0.0000e+00	  0.0000e+00	  1.3218e-03	  1.3218e-03	     -0.7685	      0.0000	     -4.1646	      0.0000	
     5.02608	  1.8200e-02	  6.8847e-05	  1.1220e-07	  1.4587e-03	  4.5119e-07	  0.0000e+00	  0.0000e+00	  3.0772e-04	  3.0772e-04	  0.0000e+00	  0.0000e+00	  1.3169e-03	  1.3169e-03	     -0.7673	      0.0000	     -4.1680	     -0.0000	
     5.03227	  1.8300e-02	  6.6707e-05	  1.1417e-07	  1.4518e-03	  4.5222e-07	  0.0000e+00	  0.0000e+00	  3.1813e-04	  3.1813e-04	  0.0000e+00	  0.0000e+00	  1.3119e-03	  1.3119e-03	     -0.7662	      0.0000	     -4.1713	      0.0000	
     5.03853	  1.8400e-02	  6.4617e-05	  1.1620e-07	  1.4449e-03	  4.5333e-07	  0.0000e+00	  0.0000e+00	  3.2845e-04	  3.2845e-04	  0.0000e+00	  0.0000e+00	  1.3071e-03	  1.3071e-03	     -0.7651	      0.0000	     -4.1748	      0.0000	
     5.04487	  1.8500e-02	  6.2577e-05	  1.1829e-07	  1.4381e-03	  4.5452e-07	  0.0000e+00	  0.0000e+00	  3.3868e-04	  3.3868e-04	  0.0000e+00	  0.0000e+00	  1.3023e-03	  1.3023e-03	     -0.7639	      0.0000	     -4.1782	     -0.0000	
     5.05128	  1.8600e-02	  6.0586e-05	  1.2044e-07	  1.4314e-03	  4.5580e-07	  0.0000e+00	  0.0000e+00	  3.4881e-04	  3.4881e-04	  0.0000e+00	  0.0000e+00	  1.2975e-03	  1.2975e-03	     -0.7628	      0.0000	     -4.1817	     -0.0000	
     5.05777	  1.8700e-02	  5.8642e-05	  1.2266e-07	  1.4248e-03	  4.5717e-07	  0.0000e+00	  0.0000e+00	  3.5884e-04	  3.5884e-04	  0.0000e+00	  0.0000e+00	  1.2928e-03	  1.2928e-03	     -0.7616	      0.0000	     -4.1853	     -0.0000	
     5.06434	  1.8800e-02	  5.6746e-05	  1.2495e-07	  1.4182e-03	  4.5865e-07	  0.0000e+00	  0.0000e+00	  3.6876e-04	  3.6876e-04	  0.0000e+00	  0.0000e+00	  1.2881e-03	  1.2881e-03	     -0.7604	      0.0000	     -4.1889	      0.0000	
     5.07099	  1.8900e-02	  5.4896e-05	  1.2732e-07	  1.4118e-03	  4.6023e-07	  0.0000e+00	  0.0000e+00	  3.7858e-04	  3.7858e-04	  0.0000e+00	  0.0000e+00	  1.2835e-03	  1.2835e-03	     -0.7591	     -0.0000	     -4.1926	      0.0000	
     5.07773	  1.9000e-02	  5.3093e-05	  1.2976e-07	  1.4055e-03	  4.6193e-07	  0.0000e+00	  0.0000e+00	  3.8828e-04	  3.8828e-04	  0.0000e+00	  0.0000e+00	  1.2789e-03	  1.2789e-03	     -0.7579	      0.0000	     -4.1963	     -0.0000	
     5.08455	  1.9100e-02	  5.1334e-05	  1.3228e-07	  1.3992e-03	  4.6375e-07	  0.0000e+00	  0.0000e+00	  3.9786e-04	  3.9786e-04	  0.0000e+00	  0.0000e+00	  1.2745e-03	  1.2745e-03	     -0.7566	      0.0000	     -4.2001	      0.0000	
     5.09147	  1.9200e-02	  4.9619e-05	  1.3488e-07	  1.3931e-03	  4.6570e-07	  0.0000e+00	  0.0000e+00	  4.0733e-04	  4.0733e-04	  0.0000e+00	  0.0000e+00	  1.2700e-03	  1.2700e-03	     -0.7554	      0.0000	     -4.2039	     -0.0000	
     5.09847	  1.9300e-02	  4.7949e-05	  1.3757e-07	  1.3871e-03	  4.6779e-07	  0.0000e+00	  0.0000e+00	  4.1666e-04	  4.1666e-04	  0.0000e+00	  0.0000e+00	  1.2657e-03	  1.2657e-03	     -0.7541	     -0.0000	     -4.2078	     -0.0000	
     5.10556	  1.9400e-02	  4.6321e-05	  1.4036e-07	  1.3811e-03	  4.7003e-07	  0.0000e+00	  0.0000e+00	  4.2587e-04	  4.2587e-04	  0.0000e+00	  0.0000e+00	  1.2614e-03	  1.2614e-03	     -0.7527	      0.0000	     -4.2118	      0.0000	
     5.11274	  1.9500e-02	  4.4736e-05	  1.4324e-07	  1.3753e-03	  4.7243e-07	  0.0000e+00	  0.0000e+00	  4.3494e-04	  4.3494e-04	  0.0000e+00	  0.0000e+00	  1.2572e-03	  1.2572e-03	     -0.7514	     -0.0000	     -4.2158	     -0.0000	
     5.12003	  1.9600e-02	  4.3193e-05	  1.4621e-07	  1.3696e-03	  4.7501e-07	  0.0000e+00	  0.0000e+00	  4.4386e-04	  4.4386e-04	  0.0000e+00	  0.0000e+00	  1.2531e-03	  1.2531e-03	     -0.7501	     -0.0000	     -4.2198	     -0.0000	
      5.1274	  1.9700e-02	  4.1692e-05	  1.4929e-07	  1.3640e-03	  4.7776e-07	  0.0000e+00	  0.0000e+00	  4.5264e-04	  4.5264e-04	  0.0000e+00	  0.0000e+00	  1.2490e-03	  1.2490e-03	     -0.7487	      0.0000	     -4.2240	     -0.0000	
     5.13488	  1.9800e-02	  4.0232e-05	  1.5248e-07	  1.3586e-03	  4.8072e-07	  0.0000e+00	  0.0000e+00	  4.6127e-04	  4.6127e-04	  0.0000e+00	  0.0000e+00	  1.2450e-03	  1.2450e-03	     -0.7473	      0.0000	     -4.2282	      0.0000	
     5.14245	  1.9900e-02	  3.8812e-05	  1.5578e-07	  1.3532e-03	  4.8388e-07	  0.0000e+00	  0.0000e+00	  4.6973e-04	  4.6973e-04	  0.0000e+00	  0.0000e+00	  1.2411e-03	  1.2411e-03	     -0.7459	     -0.0000	     -4.2324	     -0.0000	
     5.15013	  2.0000e-02	  3.7432e-05	  1.5919e-07	  1.3480e-03	  4.8728e-07	  0.0000e+00	  0.0000e+00	  4.7804e-04	  4.7804e-04	  0.0000e+00	  0.0000e+00	  1.2373e-03	  1.2373e-03	     -0.7444	     -0.0000	     -4.2367	     -0.0000	
      5.1579	  2.0100e-02	  3.6091e-05	  1.6273e-07	  1.3429e-03	  4.9093e-07	  0.0000e+00	  0.0000e+00	  4.8617e-04	  4.8617e-04	  0.0000e+00	  0.0000e+00	  1.2336e-03	  1.2336e-03	     -0.7430	     -0.0000	     -4.2411	      0.0000	
     5.16578	  2.0200e-02	  3.4790e-05	  1.6639e-07	  1.3380e-03	  4.9484e-07	  0.0000e+00	  0.0000e+00	  4.9413e-04	  4.9413e-04	  0.0000e+00	  0.0000e+00	  1.2300e-03	  1.2300e-03	     -0.7415	     -0.0000	     -4.2456	      0.0000	
     5.17375	  2.0300e-02	  3.3528e-05	  1.7019e-07	  1.3332e-03	  4.9903e-07	  0.0000e+00	  0.0000e+00	  5.0191e-04	  5.0191e-04	  0.0000e+00	  0.0000e+00	  1.2264e-03	  1.2264e-03	     -0.7400	      0.0000	     -4.2501	      0.0000	
     5.18183	  2.0400e-02	  3.2303e-05	  1.7412e-07	  1.3285e-03	  5.0354e-07	  0.0000e+00	  0.0000e+00	  5.0951e-04	  5.0951e-04	  0.0000e+00	  0.0000e+00	  1.2230e-03	  1.2230e-03	     -0.7384	     -0.0000	     -4.2547	     -0.0000	
        5.19	  2.0500e-02	  3.1117e-05	  1.7819e-07	  1.3240e-03	  5.0838e-07	  0.0000e+00	  0.0000e+00	  5.1691e-04	  5.1691e-04	  0.0000e+00	  0.0000e+00	  1.2196e-03	  1.2196e-03	     -0.7369	      0.0000	     -4.2593	     -0.0000	
     5.19828	  2.0600e-02	  2.9968e-05	  1.8241e-07	  1.3196e-03	  5.1359e-07	  0.0000e+00	  0.0000e+00	  5.2412e-04	  5.2412e-04	  0.0000e+00	  0.0000e+00	  1.2164e-03	  1.2164e-03	     -0.7353	      0.0000	     -4.2641	      0.0000	
     5.20665	  2.0700e-02	  2.8856e-05	  1.8678e-07	  1.3154e-03	  5.1918e-07	  0.0000e+00	  0.0000e+00	  5.3112e-04	  5.3112e-04	  0.0000e+00	  0.0000e+00	  1.2133e-03	  1.2133e-03	     -0.7337	     -0.0000	     -4.2688	     -0.0000	
     5.21511	  2.0800e-02	  2.7780e-05	  1.9130e-07	  1.3114e-03	  5.2519e-07	  0.0000e+00	  0.0000e+00	  5.3792e-04	  5.3792e-04	  0.0000e+00	  0.0000e+00	  1.2102e-03	  1.2102e-03	     -0.7321	      0.0000	     -4.2737	      0.0000	
     5.22367	  2.0900e-02	  2.6741e-05	  1.9598e-07	  1.3075e-03	  5.3166e-07	  0.0000e+00	  0.0000e+00	  5.4451e-04	  5.4451e-04	  0.0000e+00	  0.0000e+00	  1.2073e-03	  1.2073e-03	     -0.7305	     -0.0000	     -4.2786	      0.0000	
     5.23231	  2.1000e-02	  2.5737e-05	  2.0083e-07	  1.3037e-03	  5.3862e-07	  0.0000e+00	  0.0000e+00	  5.5088e-04	  5.5088e-04	  0.0000e+00	  0.0000e+00	  1.2045e-03	  1.2045e-03	     -0.7288	      0.0000	     -4.2835	      0.0000	
     5.24104	  2.1100e-02	  2.4769e-05	  2.0585e-07	  1.3001e-03	  5.4611e-07	  0.0000e+00	  0.0000e+00	  5.5704e-04	  5.5704e-04	  0.0000e+00	  0.0000e+00	  1.2018e-03	  1.2018e-03	     -0.7271	      0.0000	     -4.2886	     -0.0000	
     5.24985	  2.1200e-02	  2.3836e-05	  2.1104e-07	  1.2967e-03	  5.5417e-07	  0.0000e+00	  0.0000e+00	  5.6298e-04	  5.6298e-04	  0.0000e+00	  0.0000e+00	  1.1992e-03	  1.1992e-03	     -0.7255	      0.0000	     -4.2936	      0.0000	
     5.25873	  2.1300e-02	  2.2937e-05	  2.1641e-07	  1.2934e-03	  5.6284e-07	  0.0000e+00	  0.0000e+00	  5.6870e-04	  5.6870e-04	  0.0000e+00	  0.0000e+00	  1.1967e-03	  1.1967e-03	     -0.7237	      0.0000	     -4.2988	     -0.0000	
     5.26769	  2.1400e-02	  2.2072e-05	  2.2195e-07	  1.2903e-03	  5.7218e-07	  0.0000e+00	  0.0000e+00	  5.7419e-04	  5.7419e-04	  0.0000e+00	  0.0000e+00	  1.1944e-03	  1.1944e-03	     -0.7220	      0.0000	     -4.3039	     -0.0000	
      5.2767	  2.1500e-02	  2.1241e-05	  2.2768e-07	  1.2874e-03	  5.8224e-07	  0.0000e+00	  0.0000e+00	  5.7946e-04	  5.7946e-04	  0.0000e+00	  0.0000e+00	  1.1921e-03	  1.1921e-03	     -0.7203	      0.0000	     -4.3092	      0.0000	
     5.28577	  2.1600e-02	  2.0442e-05	  2.3359e-07	  1.2846e-03	  5.9306e-07	  0.0000e+00	  0.0000e+00	  5.8450e-04	  5.8450e-04	  0.0000e+00	  0.0000e+00	  1.1900e-03	  1.1900e-03	     -0.7185	      0.0000	     -4.3144	      0.0000	
      5.2949	  2.1700e-02	  1.9675e-05	  2.3969e-07	  1.2820e-03	  6.0471e-07	  0.0000e+00	  0.0000e+00	  5.8932e-04	  5.8932e-04	  0.0000e+00	  0.0000e+00	  1.1880e-03	  1.1880e-03	     -0.7168	     -0.0000	     -4.3197	      0.0000	
     5.30406	  2.1800e-02	  1.8940e-05	  2.4598e-07	  1.2796e-03	  6.1725e-07	  0.0000e+00	  0.0000e+00	  5.9392e-04	  5.9392e-04	  0.0000e+00	  0.0000e+00	  1.1861e-03	  1.1861e-03	     -0.7150	     -0.0000	     -4.3251	     -0.0000	
     5.31325	  2.1900e-02	  1.8235e-05	  2.5245e-07	  1.2773e-03	  6.3074e-07	  0.0000e+00	  0.0000e+00	  5.9830e-04	  5.9830e-04	  0.0000e+00	  0.0000e+00	  1.1843e-03	  1.1843e-03	     -0.7132	     -0.0000	     -4.3304	     -0.0000	
     5.32247	  2.2000e-02	  1.7561e-05	  2.5912e-07	  1.2752e-03	  6.4526e-07	  0.0000e+00	  0.0000e+00	  6.0246e-04	  6.0246e-04	  0.0000e+00	  0.0000e+00	  1.1826e-03	  1.1826e-03	     -0.7114	      0.0000	     -4.3358	     -0.0000	
     5.33171	  2.2100e-02	  1.6916e-05	  2.6597e-07	  1.2732e-03	  6.6086e-07	  0.0000e+00	  0.0000e+00	  6.0641e-04	  6.0641e-04	  0.0000e+00	  0.0000e+00	  1.1810e-03	  1.1810e-03	     -0.7096	      0.0000	     -4.3412	      0.0000	
     5.34096	  2.2200e-02	  1.6299e-05	  2.7301e-07	  1.2714e-03	  6.7764e-07	  0.0000e+00	  0.0000e+00	  6.1014e-04	  6.1014e-04	  0.0000e+00	  0.0000e+00	  1.1795e-03	  1.1795e-03	     -0.7078	      0.0000	     -4.3466	      0.0000	
      5.3502	  2.2300e-02	  1.5710e-05	  2.8024e-07	  1.2697e-03	  6.9566e-07	  0.0000e+00	  0.0000e+00	  6.1368e-04	  6.1368e-04	  0.0000e+00	  0.0000e+00	  1.1782e-03	  1.1782e-03	     -0.7060	      0.0000	     -4.3520	      0.0000	
     5.35944	  2.2400e-02	  1.5148e-05	  2.8765e-07	  1.2682e-03	  7.1502e-07	  0.0000e+00	  0.0000e+00	  6.1701e-04	  6.1701e-04	  0.0000e+00	  0.0000e+00	  1.1769e-03	  1.1769e-03	     -0.7042	      0.0000	     -4.3574	     -0.0000	
     5.36866	  2.2500e-02	  1.4611e-05	  2.9524e-07	  1.2668e-03	  7.3579e-07	  0.0000e+00	  0.0000e+00	  6.2016e-04	  6.2016e-04	  0.0000e+00	  0.0000e+00	  1.1757e-03	  1.1757e-03	     -0.7024	     -0.0000	     -4.3629	      0.0000	
     5.37786	  2.2600e-02	  1.4100e-05	  3.0301e-07	  1.2655e-03	  7.5807e-07	  0.0000e+00	  0.0000e+00	  6.2311e-04	  6.2311e-04	  0.0000e+00	  0.0000e+00	  1.1746e-03	  1.1746e-03	     -0.7006	      0.0000	     -4.3683	      0.0000	
     5.38702	  2.2700e-02	  1.3612e-05	  3.1096e-07	  1.2644e-03	  7.8195e-07	  0.0000e+00	  0.0000e+00	  6.2589e-04	  6.2589e-04	  0.0000e+00	  0.0000e+00	  1.1736e-03	  1.1736e-03	     -0.6988	      0.0000	     -4.3737	      0.0000	
     5.39614	  2.2800e-02	  1.3148e-05	  3.1908e-07	  1.2634e-03	  8.0753e-07	  0.0000e+00	  0.0000e+00	  6.2850e-04	  6.2850e-04	  0.0000e+00	  0.0000e+00	  1.1727e-03	  1.1727e-03	     -0.6970	     -0.0000	     -4.3790	      0.0000	
     5.40522	  2.2900e-02	  1.2706e-05	  3.2737e-07	  1.2625e-03	  8.3491e-07	  0.0000e+00	  0.0000e+00	  6.3094e-04	  6.3094e-04	  0.0000e+00	  0.0000e+00	  1.1719e-03	  1.1719e-03	     -0.6952	     -0.0000	     -4.3844	     -0.0000	
     5.41424	  2.3000e-02	  1.2285e-05	  3.3583e-07	  1.2617e-03	  8.6420e-07	  0.0000e+00	  0.0000e+00	  6.3322e-04	  6.3322e-04	  0.0000e+00	  0.0000e+00	  1.1711e-03	  1.1711e-03	     -0.6934	      0.0000	     -4.3897	      0.0000	
      5.4232	  2.3100e-02	  1.1884e-05	  3.4445e-07	  1.2611e-03	  8.9549e-07	  0.0000e+00	  0.0000e+00	  6.3536e-04	  6.3536e-04	  0.0000e+00	  0.0000e+00	  1.1704e-03	  1.1704e-03	     -0.6917	     -0.0000	     -4.3950	     -0.0000	
      5.4321	  2.3200e-02	  1.1503e-05	  3.5322e-07	  1.2605e-03	  9.2891e-07	  0.0000e+00	  0.0000e+00	  6.3735e-04	  6.3735e-04	  0.0000e+00	  0.0000e+00	  1.1698e-03	  1.1698e-03	     -0.6899	      0.0000	     -4.4003	     -0.0000	
     5.44092	  2.3300e-02	  1.1140e-05	  3.6215e-07	  1.2600e-03	  9.6456e-07	  0.0000e+00	  0.0000e+00	  6.3921e-04	  6.3921e-04	  0.0000e+00	  0.0000e+00	  1.1692e-03	  1.1692e-03	     -0.6882	      0.0000	     -4.4055	      0.0000	
     5.44967	  2.3400e-02	  1.0795e-05	  3.7123e-07	  1.2597e-03	  1.0026e-06	  0.0000e+00	  0.0000e+00	  6.4094e-04	  6.4094e-04	  0.0000e+00	  0.0000e+00	  1.1687e-03	  1.1687e-03	     -0.6864	      0.0000	     -4.4107	     -0.0000	
     5.45834	  2.3500e-02	  1.0466e-05	  3.8045e-07	  1.2594e-03	  1.0430e-06	  0.0000e+00	  0.0000e+00	  6.4255e-04	  6.4255e-04	  0.0000e+00	  0.0000e+00	  1.1683e-03	  1.1683e-03	     -0.6847	     -0.0000	     -4.4158	      0.0000	
     5.46693	  2.3600e-02	  1.0154e-05	  3.8980e-07	  1.2592e-03	  1.0861e-06	  0.0000e+00	  0.0000e+00	  6.4405e-04	  6.4405e-04	  0.0000e+00	  0.0000e+00	  1.1679e-03	  1.1679e-03	     -0.6830	      0.0000	     -4.4209	     -0.0000	
     5.47544	  2.3700e-02	  9.8561e-06	  3.9930e-07	  1.2591e-03	  1.1319e-06	  0.0000e+00	  0.0000e+00	  6.4544e-04	  6.4544e-04	  0.0000e+00	  0.0000e+00	  1.1675e-03	  1.1675e-03	     -0.6813	      0.0000	     -4.4260	      0.0000	
     5.48385	  2.3800e-02	  9.5728e-06	  4.0892e-07	  1.2590e-03	  1.1806e-06	  0.0000e+00	  0.0000e+00	  6.4673e-04	  6.4673e-04	  0.0000e+00	  0.0000e+00	  1.1672e-03	  1.1672e-03	     -0.6797	     -0.0000	     -4.4310	     -0.0000	
     5.49217	  2.3900e-02	  9.3032e-06	  4.1867e-07	  1.2590e-03	  1.2322e-06	  0.0000e+00	  0.0000e+00	  6.4793e-04	  6.4793e-04	  0.0000e+00	  0.0000e+00	  1.1670e-03	  1.1670e-03	     -0.6780	      0.0000	     -4.4359	     -0.0000	
      5.5004	  2.4000e-02	  9.0463e-06	  4.2855e-07	  1.2591e-03	  1.2869e-06	  0.0000e+00	  0.0000e+00	  6.4904e-04	  6.4904e-04	  0.0000e+00	  0.0000e+00	  1.1668e-03	  1.1668e-03	     -0.6764	     -0.0000	     -4.4408	     -0.0000	
     5.50854	  2.4100e-02	  8.8016e-06	  4.3854e-07	  1.2593e-03	  1.3449e-06	  0.0000e+00	  0.0000e+00	  6.5007e-04	  6.5007e-04	  0.0000e+00	  0.0000e+00	  1.1666e-03	  1.1666e-03	     -0.6748	      0.0000	     -4.4456	      0.0000	
     5.51658	  2.4200e-02	  8.5684e-06	  4.4865e-07	  1.2595e-03	  1.4063e-06	  0.0000e+00	  0.0000e+00	  6.5102e-04	  6.5102e-04	  0.0000e+00	  0.0000e+00	  1.1664e-03	  1.1664e-03	     -0.6732	      0.0000	     -4.4504	      0.0000	
     5.52453	  2.4300e-02	  8.3461e-06	  4.5887e-07	  1.2597e-03	  1.4711e-06	  0.0000e+00	  0.0000e+00	  6.5190e-04	  6.5190e-04	  0.0000e+00	  0.0000e+00	  1.1663e-03	  1.1663e-03	     -0.6716	      0.0000	     -4.4552	      0.0000	
     5.53238	  2.4400e-02	  8.1341e-06	  4.6919e-07	  1.2600e-03	  1.5397e-06	  0.0000e+00	  0.0000e+00	  6.5271e-04	  6.5271e-04	  0.0000e+00	  0.0000e+00	  1.1662e-03	  1.1662e-03	     -0.6701	      0.0000	     -4.4598	      0.0000	
     5.54013	  2.4500e-02	  7.9318e-06	  4.7962e-07	  1.2604e-03	  1.6120e-06	  0.0000e+00	  0.0000e+00	  6.5346e-04	  6.5346e-04	  0.0000e+00	  0.0000e+00	  1.1662e-03	  1.1662e-03	     -0.6685	      0.0000	     -4.4644	      0.0000	
     5.54779	  2.4600e-02	  7.7388e-06	  4.9015e-07	  1.2608e-03	  1.6883e-06	  0.0000e+00	  0.0000e+00	  6.5415e-04	  6.5415e-04	  0.0000e+00	  0.0000e+00	  1.1661e-03	  1.1661e-03	     -0.6670	      0.0000	     -4.4690	     -0.0000	
     5.55535	  2.4700e-02	  7.5544e-06	  5.0077e-07	  1.2613e-03	  1.7686e-06	  0.0000e+00	  0.0000e+00	  6.5479e-04	  6.5479e-04	  0.0000e+00	  0.0000e+00	  1.1661e-03	  1.1661e-03	     -0.6655	     -0.0000	     -4.4735	      0.0000	
     5.56281	  2.4800e-02	  7.3782e-06	  5.1150e-07	  1.2618e-03	  1.8531e-06	  0.0000e+00	  0.0000e+00	  6.5537e-04	  6.5537e-04	  0.0000e+00	  0.0000e+00	  1.1661e-03	  1.1661e-03	     -0.6640	     -0.0000	     -4.4780	      0.0000	
     5.57018	  2.4900e-02	  7.2099e-06	  5.2231e-07	  1.2623e-03	  1.9420e-06	  0.0000e+00	  0.0000e+00	  6.5591e-04	  6.5591e-04	  0.0000e+00	  0.0000e+00	  1.1662e-03	  1.1662e-03	     -0.6625	     -0.0000	     -4.4824	      0.0000	
     5.57733	  2.5000e-02	  7.0516e-06	  5.3302e-07	  1.2624e-03	  2.0119e-06	  0.0000e+00	  0.0000e+00	  6.5640e-04	  6.5640e-04	  0.0000e+00	  0.0000e+00	  1.1662e-03	  1.1662e-03	     -0.6611	      0.0000	     -4.4866	      0.0000	
     5.58384	  2.5100e-02	  6.9115e-06	  5.4297e-07	  1.2606e-03	  1.9791e-06	  0.0000e+00	  0.0000e+00	  6.5680e-04	  6.5680e-04	  0.0000e+00	  0.0000e+00	  1.1663e-03	  1.1663e-03	     -0.6598	      0.0000	     -4.4905	      0.0000	
     5.59029	  2.5200e-02	  6.7764e-06	  5.5301e-07	  1.2588e-03	  1.9480e-06	  0.0000e+00	  0.0000e+00	  6.5718e-04	  6.5718e-04	  0.0000e+00	  0.0000e+00	  1.1663e-03	  1.1663e-03	     -0.6586	      0.0000	     -4.4943	      0.0000	
     5.59669	  2.5300e-02	  6.6461e-06	  5.6316e-07	  1.2572e-03	  1.9187e-06	  0.0000e+00	  0.0000e+00	  6.5752e-04	  6.5752e-04	  0.0000e+00	  0.0000e+00	  1.1664e-03	  1.1664e-03	     -0.6573	      0.0000	     -4.4981	     -0.0000	
     5.60303	  2.5400e-02	  6.5204e-06	  5.7341e-07	  1.2556e-03	  1.8909e-06	  0.0000e+00	  0.0000e+00	  6.5785e-04	  6.5785e-04	  0.0000e+00	  0.0000e+00	  1.1665e-03	  1.1665e-03	     -0.6560	     -0.0000	     -4.5019	     -0.0000	
     5.60932	  2.5500e-02	  6.3992e-06	  5.8375e-07	  1.2541e-03	  1.8645e-06	  0.0000e+00	  0.0000e+00	  6.5814e-04	  6.5814e-04	  0.0000e+00	  0.0000e+00	  1.1666e-03	  1.1666e-03	     -0.6548	      0.0000	     -4.5056	     -0.0000	
     5.61556	  2.5600e-02	  6.2821e-06	  5.9420e-07	  1.2527e-03	  1.8395e-06	  0.0000e+00	  0.0000e+00	  6.5842e-04	  6.5842e-04	  0.0000e+00	  0.0000e+00	  1.1667e-03	  1.1667e-03	     -0.6536	      0.0000	     -4.5093	      0.0000	
     5.62174	  2.5700e-02	  6.1691e-06	  6.0474e-07	  1.2514e-03	  1.8159e-06	  0.0000e+00	  0.0000e+00	  6.5867e-04	  6.5867e-04	  0.0000e+00	  0.0000e+00	  1.1668e-03	  1.1668e-03	     -0.6523	      0.0000	     -4.5130	      0.0000	
     5.62786	  2.5800e-02	  6.0600e-06	  6.1537e-07	  1.2502e-03	  1.7934e-06	  0.0000e+00	  0.0000e+00	  6.5890e-04	  6.5890e-04	  0.0000e+00	  0.0000e+00	  1.1670e-03	  1.1670e-03	     -0.6511	     -0.0000	     -4.5166	      0.0000	
     5.63394	  2.5900e-02	  5.9545e-06	  6.2611e-07	  1.2491e-03	  1.7721e-06	  0.0000e+00	  0.0000e+00	  6.5911e-04	  6.5911e-04	  0.0000e+00	  0.0000e+00	  1.1671e-03	  1.1671e-03	     -0.6499	     -0.0000	     -4.5202	      0.0000	
     5.63995	  2.6000e-02	  5.8526e-06	  6.3693e-07	  1.2480e-03	  1.7518e-06	  0.0000e+00	  0.0000e+00	  6.5930e-04	  6.5930e-04	  0.0000e+00	  0.0000e+00	  1.1672e-03	  1.1672e-03	     -0.6487	      0.0000	     -4.5238	      0.0000	
     5.64592	  2.6100e-02	  5.7542e-06	  6.4785e-07	  1.2471e-03	  1.7326e-06	  0.0000e+00	  0.0000e+00	  6.5948e-04	  6.5948e-04	  0.0000e+00	  0.0000e+00	  1.1674e-03	  1.1674e-03	     -0.6476	      0.0000	     -4.5273	     -0.0000	
     5.65184	  2.6200e-02	  5.6589e-06	  6.5887e-07	  1.2462e-03	  1.7143e-06	  0.0000e+00	  0.0000e+00	  6.5964e-04	  6.5964e-04	  0.0000e+00	  0.0000e+00	  1.1675e-03	  1.1675e-03	     -0.6464	      0.0000	     -4.5309	     -0.0000	
      5.6577	  2.6300e-02	  5.5669e-06	  6.6997e-07	  1.2454e-03	  1.6969e-06	  0.0000e+00	  0.0000e+00	  6.5978e-04	  6.5978e-04	  0.0000e+00	  0.0000e+00	  1.1677e-03	  1.1677e-03	     -0.6452	      0.0000	     -4.5343	     -0.0000	
     5.66351	  2.6400e-02	  5.4778e-06	  6.8116e-07	  1.2446e-03	  1.6804e-06	  0.0000e+00	  0.0000e+00	  6.5991e-04	  6.5991e-04	  0.0000e+00	  0.0000e+00	  1.1678e-03	  1.1678e-03	     -0.6441	     -0.0000	     -4.5378	      0.0000	
     5.66927	  2.6500e-02	  5.3916e-06	  6.9245e-07	  1.2440e-03	  1.6646e-06	  0.0000e+00	  0.0000e+00	  6.6003e-04	  6.6003e-04	  0.0000e+00	  0.0000e+00	  1.1680e-03	  1.1680e-03	     -0.6429	      0.0000	     -4.5412	     -0.0000	
     5.67498	  2.6600e-02	  5.3082e-06	  7.0382e-07	  1.2434e-03	  1.6496e-06	  0.0000e+00	  0.0000e+00	  6.6013e-04	  6.6013e-04	  0.0000e+00	  0.0000e+00	  1.1682e-03	  1.1682e-03	     -0.6418	      0.0000	     -4.5446	     -0.0000	
     5.68063	  2.6700e-02	  5.2275e-06	  7.1527e-07	  1.2429e-03	  1.6353e-06	  0.0000e+00	  0.0000e+00	  6.6022e-04	  6.6022e-04	  0.0000e+00	  0.0000e+00	  1.1684e-03	  1.1684e-03	     -0.6407	     -0.0000	     -4.5480	     -0.0000	
     5.68624	  2.6800e-02	  5.1493e-06	  7.2681e-07	  1.2425e-03	  1.6217e-06	  0.0000e+00	  0.0000e+00	  6.6030e-04	  6.6030e-04	  0.0000e+00	  0.0000e+00	  1.1685e-03	  1.1685e-03	     -0.6395	      0.0000	     -4.5514	     -0.0000	
     5.69179	  2.6900e-02	  5.0736e-06	  7.3844e-07	  1.2421e-03	  1.6088e-06	  0.0000e+00	  0.0000e+00	  6.6036e-04	  6.6036e-04	  0.0000e+00	  0.0000e+00	  1.1687e-03	  1.1687e-03	     -0.6384	      0.0000	     -4.5547	     -0.0000	
      5.6973	  2.7000e-02	  5.0003e-06	  7.5014e-07	  1.2418e-03	  1.5964e-06	  0.0000e+00	  0.0000e+00	  6.6042e-04	  6.6042e-04	  0.0000e+00	  0.0000e+00	  1.1689e-03	  1.1689e-03	     -0.6374	     -0.0000	     -4.5579	     -0.0000	
     5.70275	  2.7100e-02	  4.9293e-06	  7.6193e-07	  1.2415e-03	  1.5846e-06	  0.0000e+00	  0.0000e+00	  6.6046e-04	  6.6046e-04	  0.0000e+00	  0.0000e+00	  1.1691e-03	  1.1691e-03	     -0.6363	      0.0000	     -4.5612	      0.0000	
     5.70816	  2.7200e-02	  4.8604e-06	  7.7380e-07	  1.2413e-03	  1.5734e-06	  0.0000e+00	  0.0000e+00	  6.6050e-04	  6.6050e-04	  0.0000e+00	  0.0000e+00	  1.1693e-03	  1.1693e-03	     -0.6352	      0.0000	     -4.5644	      0.0000	
     5.71351	  2.7300e-02	  4.7937e-06	  7.8574e-07	  1.2412e-03	  1.5626e-06	  0.0000e+00	  0.0000e+00	  6.6053e-04	  6.6053e-04	  0.0000e+00	  0.0000e+00	  1.1695e-03	  1.1695e-03	     -0.6341	      0.0000	     -4.5676	      0.0000	
     5.71882	  2.7400e-02	  4.7290e-06	  7.9776e-07	  1.2411e-03	  1.5524e-06	  0.0000e+00	  0.0000e+00	  6.6055e-04	  6.6055e-04	  0.0000e+00	  0.0000e+00	  1.1697e-03	  1.1697e-03	     -0.6331	     -0.0000	     -4.5708	     -0.0000	
     5.72408	  2.7500e-02	  4.6663e-06	  8.0986e-07	  1.2411e-03	  1.5426e-06	  0.0000e+00	  0.0000e+00	  6.6056e-04	  6.6056e-04	  0.0000e+00	  0.0000e+00	  1.1699e-03	  1.1699e-03	     -0.6320	     -0.0000	     -4.5739	      0.0000	
     5.72929	  2.7600e-02	  4.6055e-06	  8.2203e-07	  1.2411e-03	  1.5332e-06	  0.0000e+00	  0.0000e+00	  6.6056e-04	  6.6056e-04	  0.0000e+00	  0.0000e+00	  1.1701e-03	  1.1701e-03	     -0.6310	      0.0000	     -4.5771	     -0.0000	
     5.73445	  2.7700e-02	  4.5465e-06	  8.3427e-07	  1.2411e-03	  1.5243e-06	  0.0000e+00	  0.0000e+00	  6.6056e-04	  6.6056e-04	  0.0000e+00	  0.0000e+00	  1.1703e-03	  1.1703e-03	     -0.6300	      0.0000	     -4.5801	     -0.0000	
     5.73956	  2.7800e-02	  4.4892e-06	  8.4658e-07	  1.2413e-03	  1.5157e-06	  0.0000e+00	  0.0000e+00	  6.6055e-04	  6.6055e-04	  0.0000e+00	  0.0000e+00	  1.1705e-03	  1.1705e-03	     -0.6289	     -0.0000	     -4.5832	      0.0000	
     5.74463	  2.7900e-02	  4.4336e-06	  8.5897e-07	  1.2414e-03	  1.5076e-06	  0.0000e+00	  0.0000e+00	  6.6054e-04	  6.6054e-04	  0.0000e+00	  0.0000e+00	  1.1707e-03	  1.1707e-03	     -0.6279	      0.0000	     -4.5862	      0.0000	
     5.74965	  2.8000e-02	  4.3797e-06	  8.7142e-07	  1.2416e-03	  1.4997e-06	  0.0000e+00	  0.0000e+00	  6.6051e-04	  6.6051e-04	  0.0000e+00	  0.0000e+00	  1.1709e-03	  1.1709e-03	     -0.6269	      0.0000	     -4.5892	      0.0000	
     5.75462	  2.8100e-02	  4.3273e-06	  8.8394e-07	  1.2418e-03	  1.4923e-06	  0.0000e+00	  0.0000e+00	  6.6049e-04	  6.6049e-04	  0.0000e+00	  0.0000e+00	  1.1711e-03	  1.1711e-03	     -0.6259	      0.0000	     -4.5922	      0.0000	
     5.75955	  2.8200e-02	  4.2765e-06	  8.9653e-07	  1.2421e-03	  1.4851e-06	  0.0000e+00	  0.0000e+00	  6.6046e-04	  6.6046e-04	  0.0000e+00	  0.0000e+00	  1.1713e-03	  1.1713e-03	     -0.6249	      0.0000	     -4.5952	     -0.0000	
     5.76443	  2.8300e-02	  4.2271e-06	  9.0918e-07	  1.2424e-03	  1.4782e-06	  0.0000e+00	  0.0000e+00	  6.6042e-04	  6.6042e-04	  0.0000e+00	  0.0000e+00	  1.1715e-03	  1.1715e-03	     -0.6240	      0.0000	     -4.5981	      0.0000	
     5.76927	  2.8400e-02	  4.1791e-06	  9.2189e-07	  1.2428e-03	  1.4717e-06	  0.0000e+00	  0.0000e+00	  6.6038e-04	  6.6038e-04	  0.0000e+00	  0.0000e+00	  1.1717e-03	  1.1717e-03	     -0.6230	     -0.0000	     -4.6010	      0.0000	
     5.77406	  2.8500e-02	  4.1325e-06	  9.3467e-07	  1.2432e-03	  1.4654e-06	  0.0000e+00	  0.0000e+00	  6.6033e-04	  6.6033e-04	  0.0000e+00	  0.0000e+00	  1.1719e-03	  1.1719e-03	     -0.6221	      0.0000	     -4.6038	     -0.0000	
     5.77881	  2.8600e-02	  4.0872e-06	  9.4751e-07	  1.2436e-03	  1.4594e-06	  0.0000e+00	  0.0000e+00	  6.6028e-04	  6.6028e-04	  0.0000e+00	  0.0000e+00	  1.1721e-03	  1.1721e-03	     -0.6211	      0.0000	     -4.6067	     -0.0000	
     5.78352	  2.8700e-02	  4.0431e-06	  9.6042e-07	  1.2440e-03	  1.4536e-06	  0.0000e+00	  0.0000e+00	  6.6023e-04	  6.6023e-04	  0.0000e+00	  0.0000e+00	  1.1723e-03	  1.1723e-03	     -0.6202	     -0.0000	     -4.6095	      0.0000	
     5.78818	  2.8800e-02	  4.0003e-06	  9.7338e-07	  1.2445e-03	  1.4480e-06	  0.0000e+00	  0.0000e+00	  6.6017e-04	  6.6017e-04	  0.0000e+00	  0.0000e+00	  1.1725e-03	  1.1725e-03	     -0.6192	     -0.0000	     -4.6123	      0.0000	
      5.7928	  2.8900e-02	  3.9587e-06	  9.8640e-07	  1.2450e-03	  1.4427e-06	  0.0000e+00	  0.0000e+00	  6.6011e-04	  6.6011e-04	  0.0000e+00	  0.0000e+00	  1.1727e-03	  1.1727e-03	     -0.6183	      0.0000	     -4.6151	      0.0000	
     5.79738	  2.9000e-02	  3.9182e-06	  9.9948e-07	  1.2455e-03	  1.4376e-06	  0.0000e+00	  0.0000e+00	  6.6005e-04	  6.6005e-04	  0.0000e+00	  0.0000e+00	  1.1729e-03	  1.1729e-03	     -0.6174	      0.0000	     -4.6178	     -0.0000	
     5.80191	  2.9100e-02	  3.8788e-06	  1.0126e-06	  1.2461e-03	  1.4327e-06	  0.0000e+00	  0.0000e+00	  6.5998e-04	  6.5998e-04	  0.0000e+00	  0.0000e+00	  1.1731e-03	  1.1731e-03	     -0.6165	     -0.0000	     -4.6205	      0.0000	
     5.80641	  2.9200e-02	  3.8404e-06	  1.0258e-06	  1.2467e-03	  1.4280e-06	  0.0000e+00	  0.0000e+00	  6.5991e-04	  6.5991e-04	  0.0000e+00	  0.0000e+00	  1.1733e-03	  1.1733e-03	     -0.6156	      0.0000	     -4.6232	      0.0000	
     5.81086	  2.9300e-02	  3.8031e-06	  1.0390e-06	  1.2473e-03	  1.4235e-06	  0.0000e+00	  0.0000e+00	  6.5984e-04	  6.5984e-04	  0.0000e+00	  0.0000e+00	  1.1735e-03	  1.1735e-03	     -0.6147	      0.0000	     -4.6259	     -0.0000	
     5.81528	  2.9400e-02	  3.7668e-06	  1.0523e-06	  1.2479e-03	  1.4192e-06	  0.0000e+00	  0.0000e+00	  6.5977e-04	  6.5977e-04	  0.0000e+00	  0.0000e+00	  1.1737e-03	  1.1737e-03	     -0.6138	     -0.0000	     -4.6285	     -0.0000	
     5.81965	  2.9500e-02	  3.7315e-06	  1.0657e-06	  1.2485e-03	  1.4151e-06	  0.0000e+00	  0.0000e+00	  6.5969e-04	  6.5969e-04	  0.0000e+00	  0.0000e+00	  1.1739e-03	  1.1739e-03	     -0.6129	     -0.0000	     -4.6312	      0.0000	
     5.82399	  2.9600e-02	  3.6971e-06	  1.0791e-06	  1.2492e-03	  1.4111e-06	  0.0000e+00	  0.0000e+00	  6.5961e-04	  6.5961e-04	  0.0000e+00	  0.0000e+00	  1.1741e-03	  1.1741e-03	     -0.6121	      0.0000	     -4.6338	     -0.0000	
     5.82829	  2.9700e-02	  3.6636e-06	  1.0926e-06	  1.2499e-03	  1.4073e-06	  0.0000e+00	  0.0000e+00	  6.5953e-04	  6.5953e-04	  0.0000e+00	  0.0000e+00	  1.1743e-03	  1.1743e-03	     -0.6112	      0.0000	     -4.6363	     -0.0000	
     5.83254	  2.9800e-02	  3.6310e-06	  1.1061e-06	  1.2506e-03	  1.4036e-06	  0.0000e+00	  0.0000e+00	  6.5945e-04	  6.5945e-04	  0.0000e+00	  0.0000e+00	  1.1745e-03	  1.1745e-03	     -0.6104	      0.0000	     -4.6389	     -0.0000	
     5.83677	  2.9900e-02	  3.5992e-06	  1.1196e-06	  1.2513e-03	  1.4000e-06	  0.0000e+00	  0.0000e+00	  6.5937e-04	  6.5937e-04	  0.0000e+00	  0.0000e+00	  1.1747e-03	  1.1747e-03	     -0.6095	      0.0000	     -4.6414	      0.0000	
     5.84095	  3.0000e-02	  3.5682e-06	  1.1332e-06	  1.2520e-03	  1.3966e-06	  0.0000e+00	  0.0000e+00	  6.5928e-04	  6.5928e-04	  0.0000e+00	  0.0000e+00	  1.1749e-03	  1.1749e-03	     -0.6087	      0.0000	     -4.6439	      0.0000	
