#          pH	    reaction	          Al	        S(6)	          Ca	           U	  Al(OH)3(a)	d_Al(OH)3(a)	Basaluminite	d_Basaluminite	   Jurbanite	 d_Jurbanite	     Alunite	   d_Alunite	si_Al(OH)3(a)	si_Basaluminite	si_Jurbanite	  si_Alunite	
#        3.16	         -99	  1.9087e-03	  8.7860e-04	  2.6198e-03	  3.2100e-05	  0.0000e+00	  0.0000e+00	  0.0000e+00	  0.0000e+00	  0.0000e+00	  0.0000e+00	  0.0000e+00	  0.0000e+00	     -4.7586	     -8.5487	     -0.7428	      1.0846	
#        3.16	         -99	  1.9087e-03	  8.7860e-04	  2.6198e-03	  3.2100e-05	  0.0000e+00	  0.0000e+00	  0.0000e+00	  0.0000e+00	  0.0000e+00	  0.0000e+00	  0.0000e+00	  0.0000e+00	     -4.7586	     -8.5487	     -0.7428	      1.0846	
#        3.16	         -99	  1.9087e-03	  8.7860e-04	  2.6198e-03	  3.2100e-05	  0.0000e+00	  0.0000e+00	  0.0000e+00	  0.0000e+00	  0.0000e+00	  0.0000e+00	  0.0000e+00	  0.0000e+00	     -4.7586	     -8.5487	     -0.7428	      1.0846	
     3.18617	  1.0000e-04	  1.9114e-03	  8.9882e-04	  2.6192e-03	  3.0568e-05	  0.0000e+00	  0.0000e+00	  0.0000e+00	  0.0000e+00	  0.0000e+00	  0.0000e+00	  0.0000e+00	  0.0000e+00	     -4.6813	     -8.2814	     -0.7073	      1.2590	
     3.21158	  2.0000e-04	  1.9145e-03	  9.1889e-04	  2.6188e-03	  2.9079e-05	  0.0000e+00	  0.0000e+00	  0.0000e+00	  0.0000e+00	  0.0000e+00	  0.0000e+00	  0.0000e+00	  0.0000e+00	     -4.6063	     -8.0216	     -0.6727	      1.4287	
     3.23733	  3.0000e-04	  1.9176e-03	  9.3975e-04	  2.6183e-03	  2.7575e-05	  0.0000e+00	  0.0000e+00	  0.0000e+00	  0.0000e+00	  0.0000e+00	  0.0000e+00	  0.0000e+00	  0.0000e+00	     -4.5303	     -7.7586	     -0.6376	      1.6005	
      3.2634	  4.0000e-04	  1.9208e-03	  9.6141e-04	  2.6178e-03	  2.6064e-05	  0.0000e+00	  0.0000e+00	  0.0000e+00	  0.0000e+00	  0.0000e+00	  0.0000e+00	  0.0000e+00	  0.0000e+00	     -4.4534	     -7.4924	     -0.6021	      1.7743	
     3.28976	  5.0000e-04	  1.9241e-03	  9.8386e-04	  2.6172e-03	  2.4557e-05	  0.0000e+00	  0.0000e+00	  0.0000e+00	  0.0000e+00	  0.0000e+00	  0.0000e+00	  0.0000e+00	  0.0000e+00	     -4.3757	     -7.2234	     -0.5663	      1.9501	
      3.3164	  6.0000e-04	  1.9275e-03	  1.0071e-03	  2.6166e-03	  2.3062e-05	  0.0000e+00	  0.0000e+00	  0.0000e+00	  0.0000e+00	  0.0000e+00	  0.0000e+00	  0.0000e+00	  0.0000e+00	     -4.2972	     -6.9517	     -0.5301	      2.1275	
      3.3433	  7.0000e-04	  1.9309e-03	  1.0311e-03	  2.6160e-03	  2.1587e-05	  0.0000e+00	  0.0000e+00	  0.0000e+00	  0.0000e+00	  0.0000e+00	  0.0000e+00	  0.0000e+00	  0.0000e+00	     -4.2180	     -6.6776	     -0.4936	      2.3064	
     3.37043	  8.0000e-04	  1.9345e-03	  1.0558e-03	  2.6154e-03	  2.0142e-05	  0.0000e+00	  0.0000e+00	  0.0000e+00	  0.0000e+00	  0.0000e+00	  0.0000e+00	  0.0000e+00	  0.0000e+00	     -4.1381	     -6.4013	     -0.4569	      2.4867	
     3.39777	  9.0000e-04	  1.9381e-03	  1.0813e-03	  2.6147e-03	  1.8735e-05	  0.0000e+00	  0.0000e+00	  0.0000e+00	  0.0000e+00	  0.0000e+00	  0.0000e+00	  0.0000e+00	  0.0000e+00	     -4.0577	     -6.1231	     -0.4200	      2.6683	
      3.4253	  1.0000e-03	  1.9418e-03	  1.1075e-03	  2.6140e-03	  1.7372e-05	  0.0000e+00	  0.0000e+00	  0.0000e+00	  0.0000e+00	  0.0000e+00	  0.0000e+00	  0.0000e+00	  0.0000e+00	     -3.9767	     -5.8431	     -0.3829	      2.8508	
     3.45301	  1.1000e-03	  1.9456e-03	  1.1344e-03	  2.6133e-03	  1.6060e-05	  0.0000e+00	  0.0000e+00	  0.0000e+00	  0.0000e+00	  0.0000e+00	  0.0000e+00	  0.0000e+00	  0.0000e+00	     -3.8953	     -5.5616	     -0.3456	      3.0343	
     3.48087	  1.2000e-03	  1.9494e-03	  1.1620e-03	  2.6125e-03	  1.4804e-05	  0.0000e+00	  0.0000e+00	  0.0000e+00	  0.0000e+00	  0.0000e+00	  0.0000e+00	  0.0000e+00	  0.0000e+00	     -3.8135	     -5.2788	     -0.3083	      3.2186	
     3.50887	  1.3000e-03	  1.9533e-03	  1.1901e-03	  2.6118e-03	  1.3609e-05	  0.0000e+00	  0.0000e+00	  0.0000e+00	  0.0000e+00	  0.0000e+00	  0.0000e+00	  0.0000e+00	  0.0000e+00	     -3.7313	     -4.9948	     -0.2709	      3.4034	
     3.53699	  1.4000e-03	  1.9573e-03	  1.2189e-03	  2.6110e-03	  1.2477e-05	  0.0000e+00	  0.0000e+00	  0.0000e+00	  0.0000e+00	  0.0000e+00	  0.0000e+00	  0.0000e+00	  0.0000e+00	     -3.6488	     -4.7098	     -0.2335	      3.5888	
     3.56521	  1.5000e-03	  1.9614e-03	  1.2482e-03	  2.6101e-03	  1.1412e-05	  0.0000e+00	  0.0000e+00	  0.0000e+00	  0.0000e+00	  0.0000e+00	  0.0000e+00	  0.0000e+00	  0.0000e+00	     -3.5660	     -4.4240	     -0.1960	      3.7745	
     3.59354	  1.6000e-03	  1.9655e-03	  1.2779e-03	  2.6093e-03	  1.0414e-05	  0.0000e+00	  0.0000e+00	  0.0000e+00	  0.0000e+00	  0.0000e+00	  0.0000e+00	  0.0000e+00	  0.0000e+00	     -3.4830	     -4.1376	     -0.1586	      3.9606	
     3.62194	  1.7000e-03	  1.9696e-03	  1.3082e-03	  2.6084e-03	  9.4825e-06	  0.0000e+00	  0.0000e+00	  0.0000e+00	  0.0000e+00	  0.0000e+00	  0.0000e+00	  0.0000e+00	  0.0000e+00	     -3.3997	     -3.8505	     -0.1213	      4.1468	
     3.65042	  1.8000e-03	  1.9739e-03	  1.3388e-03	  2.6075e-03	  8.6180e-06	  0.0000e+00	  0.0000e+00	  0.0000e+00	  0.0000e+00	  0.0000e+00	  0.0000e+00	  0.0000e+00	  0.0000e+00	     -3.3163	     -3.5630	     -0.0840	      4.3331	
     3.67897	  1.9000e-03	  1.9781e-03	  1.3699e-03	  2.6066e-03	  7.8189e-06	  0.0000e+00	  0.0000e+00	  0.0000e+00	  0.0000e+00	  0.0000e+00	  0.0000e+00	  0.0000e+00	  0.0000e+00	     -3.2328	     -3.2752	     -0.0468	      4.5194	
     3.70758	  2.0000e-03	  1.9825e-03	  1.4012e-03	  2.6057e-03	  7.0830e-06	  0.0000e+00	  0.0000e+00	  0.0000e+00	  0.0000e+00	  0.0000e+00	  0.0000e+00	  0.0000e+00	  0.0000e+00	     -3.1491	     -2.9870	     -0.0098	      4.7057	
     3.73624	  2.1000e-03	  1.9868e-03	  1.4328e-03	  2.6047e-03	  6.4079e-06	  0.0000e+00	  0.0000e+00	  0.0000e+00	  0.0000e+00	  0.0000e+00	  0.0000e+00	  0.0000e+00	  0.0000e+00	     -3.0653	     -2.6986	      0.0272	      4.8919	
     3.76495	  2.2000e-03	  1.9912e-03	  1.4646e-03	  2.6037e-03	  5.7907e-06	  0.0000e+00	  0.0000e+00	  0.0000e+00	  0.0000e+00	  0.0000e+00	  0.0000e+00	  0.0000e+00	  0.0000e+00	     -2.9813	     -2.4100	      0.0640	      5.0780	
     3.79371	  2.3000e-03	  1.9957e-03	  1.4966e-03	  2.6027e-03	  5.2282e-06	  0.0000e+00	  0.0000e+00	  0.0000e+00	  0.0000e+00	  0.0000e+00	  0.0000e+00	  0.0000e+00	  0.0000e+00	     -2.8973	     -2.1213	      0.1006	      5.2640	
     3.82251	  2.4000e-03	  2.0002e-03	  1.5286e-03	  2.6017e-03	  4.7171e-06	  0.0000e+00	  0.0000e+00	  0.0000e+00	  0.0000e+00	  0.0000e+00	  0.0000e+00	  0.0000e+00	  0.0000e+00	     -2.8132	     -1.8324	      0.1371	      5.4497	
     3.85137	  2.5000e-03	  2.0047e-03	  1.5608e-03	  2.6006e-03	  4.2540e-06	  0.0000e+00	  0.0000e+00	  0.0000e+00	  0.0000e+00	  0.0000e+00	  0.0000e+00	  0.0000e+00	  0.0000e+00	     -2.7289	     -1.5434	      0.1734	      5.6353	
     3.88026	  2.6000e-03	  2.0093e-03	  1.5929e-03	  2.5996e-03	  3.8354e-06	  0.0000e+00	  0.0000e+00	  0.0000e+00	  0.0000e+00	  0.0000e+00	  0.0000e+00	  0.0000e+00	  0.0000e+00	     -2.6446	     -1.2543	      0.2096	      5.8206	
     3.90921	  2.7000e-03	  2.0138e-03	  1.6249e-03	  2.5985e-03	  3.4580e-06	  0.0000e+00	  0.0000e+00	  0.0000e+00	  0.0000e+00	  0.0000e+00	  0.0000e+00	  0.0000e+00	  0.0000e+00	     -2.5602	     -0.9650	      0.2455	      6.0057	
     3.93819	  2.8000e-03	  2.0185e-03	  1.6568e-03	  2.5973e-03	  3.1185e-06	  0.0000e+00	  0.0000e+00	  0.0000e+00	  0.0000e+00	  0.0000e+00	  0.0000e+00	  0.0000e+00	  0.0000e+00	     -2.4757	     -0.6757	      0.2813	      6.1905	
     3.96722	  2.9000e-03	  2.0231e-03	  1.6886e-03	  2.5962e-03	  2.8136e-06	  0.0000e+00	  0.0000e+00	  0.0000e+00	  0.0000e+00	  0.0000e+00	  0.0000e+00	  0.0000e+00	  0.0000e+00	     -2.3910	     -0.3863	      0.3168	      6.3751	
      3.9963	  3.0000e-03	  2.0278e-03	  1.7201e-03	  2.5950e-03	  2.5404e-06	  0.0000e+00	  0.0000e+00	  0.0000e+00	  0.0000e+00	  0.0000e+00	  0.0000e+00	  0.0000e+00	  0.0000e+00	     -2.3063	     -0.0969	      0.3521	      6.5594	
     4.00747	  3.1000e-03	  2.0125e-03	  1.7257e-03	  2.5919e-03	  2.4426e-06	  0.0000e+00	  0.0000e+00	  6.2722e-06	  6.2722e-06	  0.0000e+00	  0.0000e+00	  0.0000e+00	  0.0000e+00	     -2.2772	      0.0000	      0.3617	      6.6187	
     4.00963	  3.2000e-03	  1.9874e-03	  1.7184e-03	  2.5877e-03	  2.4233e-06	  0.0000e+00	  0.0000e+00	  1.5697e-05	  1.5697e-05	  0.0000e+00	  0.0000e+00	  0.0000e+00	  0.0000e+00	     -2.2761	      0.0000	      0.3584	      6.6151	
      4.0118	  3.3000e-03	  1.9624e-03	  1.7112e-03	  2.5835e-03	  2.4040e-06	  0.0000e+00	  0.0000e+00	  2.5116e-05	  2.5116e-05	  0.0000e+00	  0.0000e+00	  0.0000e+00	  0.0000e+00	     -2.2750	      0.0000	      0.3551	      6.6115	
       4.014	  3.4000e-03	  1.9375e-03	  1.7040e-03	  2.5792e-03	  2.3848e-06	  0.0000e+00	  0.0000e+00	  3.4531e-05	  3.4531e-05	  0.0000e+00	  0.0000e+00	  0.0000e+00	  0.0000e+00	     -2.2739	      0.0000	      0.3518	      6.6078	
     4.01621	  3.5000e-03	  1.9127e-03	  1.6968e-03	  2.5749e-03	  2.3656e-06	  0.0000e+00	  0.0000e+00	  4.3940e-05	  4.3940e-05	  0.0000e+00	  0.0000e+00	  0.0000e+00	  0.0000e+00	     -2.2728	      0.0000	      0.3484	      6.6041	
     4.01844	  3.6000e-03	  1.8881e-03	  1.6896e-03	  2.5705e-03	  2.3464e-06	  0.0000e+00	  0.0000e+00	  5.3343e-05	  5.3343e-05	  0.0000e+00	  0.0000e+00	  0.0000e+00	  0.0000e+00	     -2.2717	      0.0000	      0.3450	      6.6004	
     4.02068	  3.7000e-03	  1.8636e-03	  1.6825e-03	  2.5662e-03	  2.3272e-06	  0.0000e+00	  0.0000e+00	  6.2741e-05	  6.2741e-05	  0.0000e+00	  0.0000e+00	  0.0000e+00	  0.0000e+00	     -2.2705	     -0.0000	      0.3415	      6.5967	
     4.02295	  3.8000e-03	  1.8392e-03	  1.6754e-03	  2.5617e-03	  2.3080e-06	  0.0000e+00	  0.0000e+00	  7.2133e-05	  7.2133e-05	  0.0000e+00	  0.0000e+00	  0.0000e+00	  0.0000e+00	     -2.2694	     -0.0000	      0.3381	      6.5929	
     4.02523	  3.9000e-03	  1.8150e-03	  1.6683e-03	  2.5572e-03	  2.2889e-06	  0.0000e+00	  0.0000e+00	  8.1520e-05	  8.1520e-05	  0.0000e+00	  0.0000e+00	  0.0000e+00	  0.0000e+00	     -2.2682	      0.0000	      0.3346	      6.5891	
     4.02753	  4.0000e-03	  1.7909e-03	  1.6612e-03	  2.5527e-03	  2.2698e-06	  0.0000e+00	  0.0000e+00	  9.0901e-05	  9.0901e-05	  0.0000e+00	  0.0000e+00	  0.0000e+00	  0.0000e+00	     -2.2670	      0.0000	      0.3310	      6.5852	
     4.02985	  4.1000e-03	  1.7669e-03	  1.6542e-03	  2.5482e-03	  2.2508e-06	  0.0000e+00	  0.0000e+00	  1.0028e-04	  1.0028e-04	  0.0000e+00	  0.0000e+00	  0.0000e+00	  0.0000e+00	     -2.2658	      0.0000	      0.3275	      6.5814	
     4.03219	  4.2000e-03	  1.7431e-03	  1.6472e-03	  2.5436e-03	  2.2318e-06	  0.0000e+00	  0.0000e+00	  1.0964e-04	  1.0964e-04	  0.0000e+00	  0.0000e+00	  0.0000e+00	  0.0000e+00	     -2.2646	      0.0000	      0.3239	      6.5775	
     4.03455	  4.3000e-03	  1.7194e-03	  1.6402e-03	  2.5389e-03	  2.2128e-06	  0.0000e+00	  0.0000e+00	  1.1901e-04	  1.1901e-04	  0.0000e+00	  0.0000e+00	  0.0000e+00	  0.0000e+00	     -2.2634	     -0.0000	      0.3203	      6.5735	
     4.03692	  4.4000e-03	  1.6959e-03	  1.6333e-03	  2.5342e-03	  2.1939e-06	  0.0000e+00	  0.0000e+00	  1.2836e-04	  1.2836e-04	  0.0000e+00	  0.0000e+00	  0.0000e+00	  0.0000e+00	     -2.2622	     -0.0000	      0.3166	      6.5695	
     4.03932	  4.5000e-03	  1.6725e-03	  1.6264e-03	  2.5295e-03	  2.1750e-06	  0.0000e+00	  0.0000e+00	  1.3772e-04	  1.3772e-04	  0.0000e+00	  0.0000e+00	  0.0000e+00	  0.0000e+00	     -2.2610	      0.0000	      0.3130	      6.5655	
     4.04174	  4.6000e-03	  1.6493e-03	  1.6195e-03	  2.5247e-03	  2.1561e-06	  0.0000e+00	  0.0000e+00	  1.4706e-04	  1.4706e-04	  0.0000e+00	  0.0000e+00	  0.0000e+00	  0.0000e+00	     -2.2598	     -0.0000	      0.3093	      6.5615	
     4.04417	  4.7000e-03	  1.6262e-03	  1.6126e-03	  2.5199e-03	  2.1373e-06	  0.0000e+00	  0.0000e+00	  1.5640e-04	  1.5640e-04	  0.0000e+00	  0.0000e+00	  0.0000e+00	  0.0000e+00	     -2.2585	      0.0000	      0.3055	      6.5574	
     4.04663	  4.8000e-03	  1.6032e-03	  1.6058e-03	  2.5150e-03	  2.1185e-06	  0.0000e+00	  0.0000e+00	  1.6573e-04	  1.6573e-04	  0.0000e+00	  0.0000e+00	  0.0000e+00	  0.0000e+00	     -2.2573	      0.0000	      0.3018	      6.5533	
      4.0491	  4.9000e-03	  1.5804e-03	  1.5990e-03	  2.5101e-03	  2.0998e-06	  0.0000e+00	  0.0000e+00	  1.7506e-04	  1.7506e-04	  0.0000e+00	  0.0000e+00	  0.0000e+00	  0.0000e+00	     -2.2560	      0.0000	      0.2980	      6.5491	
      4.0516	  5.0000e-03	  1.5578e-03	  1.5922e-03	  2.5051e-03	  2.0811e-06	  0.0000e+00	  0.0000e+00	  1.8438e-04	  1.8438e-04	  0.0000e+00	  0.0000e+00	  0.0000e+00	  0.0000e+00	     -2.2547	     -0.0000	      0.2941	      6.5449	
     4.05411	  5.1000e-03	  1.5353e-03	  1.5854e-03	  2.5001e-03	  2.0624e-06	  0.0000e+00	  0.0000e+00	  1.9369e-04	  1.9369e-04	  0.0000e+00	  0.0000e+00	  0.0000e+00	  0.0000e+00	     -2.2534	     -0.0000	      0.2902	      6.5407	
     4.05665	  5.2000e-03	  1.5129e-03	  1.5787e-03	  2.4950e-03	  2.0438e-06	  0.0000e+00	  0.0000e+00	  2.0300e-04	  2.0300e-04	  0.0000e+00	  0.0000e+00	  0.0000e+00	  0.0000e+00	     -2.2521	     -0.0000	      0.2863	      6.5364	
     4.05921	  5.3000e-03	  1.4907e-03	  1.5720e-03	  2.4899e-03	  2.0253e-06	  0.0000e+00	  0.0000e+00	  2.1230e-04	  2.1230e-04	  0.0000e+00	  0.0000e+00	  0.0000e+00	  0.0000e+00	     -2.2508	      0.0000	      0.2824	      6.5321	
     4.06178	  5.4000e-03	  1.4687e-03	  1.5654e-03	  2.4847e-03	  2.0068e-06	  0.0000e+00	  0.0000e+00	  2.2159e-04	  2.2159e-04	  0.0000e+00	  0.0000e+00	  0.0000e+00	  0.0000e+00	     -2.2495	      0.0000	      0.2784	      6.5278	
     4.06438	  5.5000e-03	  1.4468e-03	  1.5587e-03	  2.4795e-03	  1.9884e-06	  0.0000e+00	  0.0000e+00	  2.3088e-04	  2.3088e-04	  0.0000e+00	  0.0000e+00	  0.0000e+00	  0.0000e+00	     -2.2481	      0.0000	      0.2744	      6.5234	
     4.06701	  5.6000e-03	  1.4251e-03	  1.5521e-03	  2.4742e-03	  1.9700e-06	  0.0000e+00	  0.0000e+00	  2.4016e-04	  2.4016e-04	  0.0000e+00	  0.0000e+00	  0.0000e+00	  0.0000e+00	     -2.2468	     -0.0000	      0.2704	      6.5190	
     4.06965	  5.7000e-03	  1.4035e-03	  1.5456e-03	  2.4689e-03	  1.9516e-06	  0.0000e+00	  0.0000e+00	  2.4943e-04	  2.4943e-04	  0.0000e+00	  0.0000e+00	  0.0000e+00	  0.0000e+00	     -2.2454	      0.0000	      0.2663	      6.5145	
     4.07231	  5.8000e-03	  1.3821e-03	  1.5390e-03	  2.4636e-03	  1.9333e-06	  0.0000e+00	  0.0000e+00	  2.5870e-04	  2.5870e-04	  0.0000e+00	  0.0000e+00	  0.0000e+00	  0.0000e+00	     -2.2441	     -0.0000	      0.2622	      6.5100	
       4.075	  5.9000e-03	  1.3609e-03	  1.5325e-03	  2.4582e-03	  1.9151e-06	  0.0000e+00	  0.0000e+00	  2.6796e-04	  2.6796e-04	  0.0000e+00	  0.0000e+00	  0.0000e+00	  0.0000e+00	     -2.2427	      0.0000	      0.2581	      6.5055	
     4.07771	  6.0000e-03	  1.3398e-03	  1.5260e-03	  2.4527e-03	  1.8970e-06	  0.0000e+00	  0.0000e+00	  2.7721e-04	  2.7721e-04	  0.0000e+00	  0.0000e+00	  0.0000e+00	  0.0000e+00	     -2.2413	     -0.0000	      0.2539	      6.5009	
     4.08044	  6.1000e-03	  1.3189e-03	  1.5196e-03	  2.4472e-03	  1.8789e-06	  0.0000e+00	  0.0000e+00	  2.8646e-04	  2.8646e-04	  0.0000e+00	  0.0000e+00	  0.0000e+00	  0.0000e+00	     -2.2399	     -0.0000	      0.2497	      6.4963	
     4.08319	  6.2000e-03	  1.2981e-03	  1.5132e-03	  2.4416e-03	  1.8608e-06	  0.0000e+00	  0.0000e+00	  2.9570e-04	  2.9570e-04	  0.0000e+00	  0.0000e+00	  0.0000e+00	  0.0000e+00	     -2.2385	     -0.0000	      0.2454	      6.4916	
     4.08597	  6.3000e-03	  1.2775e-03	  1.5068e-03	  2.4360e-03	  1.8429e-06	  0.0000e+00	  0.0000e+00	  3.0493e-04	  3.0493e-04	  0.0000e+00	  0.0000e+00	  0.0000e+00	  0.0000e+00	     -2.2370	      0.0000	      0.2411	      6.4869	
     4.08877	  6.4000e-03	  1.2571e-03	  1.5004e-03	  2.4303e-03	  1.8249e-06	  0.0000e+00	  0.0000e+00	  3.1415e-04	  3.1415e-04	  0.0000e+00	  0.0000e+00	  0.0000e+00	  0.0000e+00	     -2.2356	     -0.0000	      0.2368	      6.4821	
     4.09159	  6.5000e-03	  1.2369e-03	  1.4941e-03	  2.4246e-03	  1.8071e-06	  0.0000e+00	  0.0000e+00	  3.2337e-04	  3.2337e-04	  0.0000e+00	  0.0000e+00	  0.0000e+00	  0.0000e+00	     -2.2341	      0.0000	      0.2324	      6.4773	
     4.09444	  6.6000e-03	  1.2168e-03	  1.4878e-03	  2.4189e-03	  1.7893e-06	  0.0000e+00	  0.0000e+00	  3.3258e-04	  3.3258e-04	  0.0000e+00	  0.0000e+00	  0.0000e+00	  0.0000e+00	     -2.2327	     -0.0000	      0.2280	      6.4725	
     4.09731	  6.7000e-03	  1.1969e-03	  1.4815e-03	  2.4130e-03	  1.7716e-06	  0.0000e+00	  0.0000e+00	  3.4179e-04	  3.4179e-04	  0.0000e+00	  0.0000e+00	  0.0000e+00	  0.0000e+00	     -2.2312	      0.0000	      0.2236	      6.4676	
      4.1002	  6.8000e-03	  1.1772e-03	  1.4753e-03	  2.4072e-03	  1.7540e-06	  0.0000e+00	  0.0000e+00	  3.5098e-04	  3.5098e-04	  0.0000e+00	  0.0000e+00	  0.0000e+00	  0.0000e+00	     -2.2297	     -0.0000	      0.2191	      6.4626	
     4.10312	  6.9000e-03	  1.1576e-03	  1.4690e-03	  2.4012e-03	  1.7364e-06	  0.0000e+00	  0.0000e+00	  3.6017e-04	  3.6017e-04	  0.0000e+00	  0.0000e+00	  0.0000e+00	  0.0000e+00	     -2.2282	     -0.0000	      0.2146	      6.4576	
     4.10606	  7.0000e-03	  1.1382e-03	  1.4629e-03	  2.3952e-03	  1.7190e-06	  0.0000e+00	  0.0000e+00	  3.6936e-04	  3.6936e-04	  0.0000e+00	  0.0000e+00	  0.0000e+00	  0.0000e+00	     -2.2267	      0.0000	      0.2100	      6.4526	
     4.10903	  7.1000e-03	  1.1190e-03	  1.4567e-03	  2.3892e-03	  1.7016e-06	  0.0000e+00	  0.0000e+00	  3.7853e-04	  3.7853e-04	  0.0000e+00	  0.0000e+00	  0.0000e+00	  0.0000e+00	     -2.2251	      0.0000	      0.2054	      6.4475	
     4.11202	  7.2000e-03	  1.1000e-03	  1.4506e-03	  2.3831e-03	  1.6842e-06	  0.0000e+00	  0.0000e+00	  3.8770e-04	  3.8770e-04	  0.0000e+00	  0.0000e+00	  0.0000e+00	  0.0000e+00	     -2.2236	     -0.0000	      0.2008	      6.4424	
     4.11503	  7.3000e-03	  1.0811e-03	  1.4445e-03	  2.3770e-03	  1.6670e-06	  0.0000e+00	  0.0000e+00	  3.9686e-04	  3.9686e-04	  0.0000e+00	  0.0000e+00	  0.0000e+00	  0.0000e+00	     -2.2220	     -0.0000	      0.1961	      6.4372	
     4.11807	  7.4000e-03	  1.0624e-03	  1.4385e-03	  2.3708e-03	  1.6498e-06	  0.0000e+00	  0.0000e+00	  4.0601e-04	  4.0601e-04	  0.0000e+00	  0.0000e+00	  0.0000e+00	  0.0000e+00	     -2.2205	      0.0000	      0.1914	      6.4320	
     4.12114	  7.5000e-03	  1.0439e-03	  1.4324e-03	  2.3645e-03	  1.6327e-06	  0.0000e+00	  0.0000e+00	  4.1516e-04	  4.1516e-04	  0.0000e+00	  0.0000e+00	  0.0000e+00	  0.0000e+00	     -2.2189	      0.0000	      0.1866	      6.4268	
     4.12423	  7.6000e-03	  1.0256e-03	  1.4264e-03	  2.3582e-03	  1.6158e-06	  0.0000e+00	  0.0000e+00	  4.2430e-04	  4.2430e-04	  0.0000e+00	  0.0000e+00	  0.0000e+00	  0.0000e+00	     -2.2173	     -0.0000	      0.1818	      6.4214	
     4.12735	  7.7000e-03	  1.0075e-03	  1.4205e-03	  2.3518e-03	  1.5988e-06	  0.0000e+00	  0.0000e+00	  4.3343e-04	  4.3343e-04	  0.0000e+00	  0.0000e+00	  0.0000e+00	  0.0000e+00	     -2.2156	      0.0000	      0.1769	      6.4161	
     4.13049	  7.8000e-03	  9.8952e-04	  1.4145e-03	  2.3454e-03	  1.5820e-06	  0.0000e+00	  0.0000e+00	  4.4255e-04	  4.4255e-04	  0.0000e+00	  0.0000e+00	  0.0000e+00	  0.0000e+00	     -2.2140	      0.0000	      0.1720	      6.4107	
     4.13366	  7.9000e-03	  9.7174e-04	  1.4086e-03	  2.3389e-03	  1.5653e-06	  0.0000e+00	  0.0000e+00	  4.5166e-04	  4.5166e-04	  0.0000e+00	  0.0000e+00	  0.0000e+00	  0.0000e+00	     -2.2124	      0.0000	      0.1671	      6.4052	
     4.13685	  8.0000e-03	  9.5415e-04	  1.4027e-03	  2.3324e-03	  1.5487e-06	  0.0000e+00	  0.0000e+00	  4.6077e-04	  4.6077e-04	  0.0000e+00	  0.0000e+00	  0.0000e+00	  0.0000e+00	     -2.2107	      0.0000	      0.1621	      6.3997	
     4.14007	  8.1000e-03	  9.3674e-04	  1.3969e-03	  2.3258e-03	  1.5321e-06	  0.0000e+00	  0.0000e+00	  4.6987e-04	  4.6987e-04	  0.0000e+00	  0.0000e+00	  0.0000e+00	  0.0000e+00	     -2.2090	     -0.0000	      0.1571	      6.3941	
     4.14332	  8.2000e-03	  9.1951e-04	  1.3911e-03	  2.3192e-03	  1.5157e-06	  0.0000e+00	  0.0000e+00	  4.7896e-04	  4.7896e-04	  0.0000e+00	  0.0000e+00	  0.0000e+00	  0.0000e+00	     -2.2073	      0.0000	      0.1520	      6.3885	
     4.14659	  8.3000e-03	  9.0247e-04	  1.3853e-03	  2.3125e-03	  1.4993e-06	  0.0000e+00	  0.0000e+00	  4.8805e-04	  4.8805e-04	  0.0000e+00	  0.0000e+00	  0.0000e+00	  0.0000e+00	     -2.2056	      0.0000	      0.1469	      6.3828	
      4.1499	  8.4000e-03	  8.8562e-04	  1.3795e-03	  2.3057e-03	  1.4830e-06	  0.0000e+00	  0.0000e+00	  4.9713e-04	  4.9713e-04	  0.0000e+00	  0.0000e+00	  0.0000e+00	  0.0000e+00	     -2.2039	      0.0000	      0.1417	      6.3771	
     4.15323	  8.5000e-03	  8.6895e-04	  1.3738e-03	  2.2989e-03	  1.4669e-06	  0.0000e+00	  0.0000e+00	  5.0619e-04	  5.0619e-04	  0.0000e+00	  0.0000e+00	  0.0000e+00	  0.0000e+00	     -2.2022	      0.0000	      0.1365	      6.3713	
     4.15658	  8.6000e-03	  8.5246e-04	  1.3681e-03	  2.2921e-03	  1.4508e-06	  0.0000e+00	  0.0000e+00	  5.1526e-04	  5.1526e-04	  0.0000e+00	  0.0000e+00	  0.0000e+00	  0.0000e+00	     -2.2004	      0.0000	      0.1312	      6.3654	
     4.15997	  8.7000e-03	  8.3617e-04	  1.3624e-03	  2.2852e-03	  1.4349e-06	  0.0000e+00	  0.0000e+00	  5.2431e-04	  5.2431e-04	  0.0000e+00	  0.0000e+00	  0.0000e+00	  0.0000e+00	     -2.1986	     -0.0000	      0.1259	      6.3595	
     4.16338	  8.8000e-03	  8.2006e-04	  1.3568e-03	  2.2782e-03	  1.4190e-06	  0.0000e+00	  0.0000e+00	  5.3336e-04	  5.3336e-04	  0.0000e+00	  0.0000e+00	  0.0000e+00	  0.0000e+00	     -2.1969	     -0.0000	      0.1206	      6.3536	
     4.16682	  8.9000e-03	  8.0414e-04	  1.3512e-03	  2.2712e-03	  1.4033e-06	  0.0000e+00	  0.0000e+00	  5.4239e-04	  5.4239e-04	  0.0000e+00	  0.0000e+00	  0.0000e+00	  0.0000e+00	     -2.1951	      0.0000	      0.1152	      6.3476	
     4.17029	  9.0000e-03	  7.8841e-04	  1.3456e-03	  2.2641e-03	  1.3876e-06	  0.0000e+00	  0.0000e+00	  5.5142e-04	  5.5142e-04	  0.0000e+00	  0.0000e+00	  0.0000e+00	  0.0000e+00	     -2.1932	      0.0000	      0.1097	      6.3415	
     4.17378	  9.1000e-03	  7.7287e-04	  1.3400e-03	  2.2569e-03	  1.3721e-06	  0.0000e+00	  0.0000e+00	  5.6045e-04	  5.6045e-04	  0.0000e+00	  0.0000e+00	  0.0000e+00	  0.0000e+00	     -2.1914	      0.0000	      0.1042	      6.3354	
     4.17731	  9.2000e-03	  7.5752e-04	  1.3345e-03	  2.2498e-03	  1.3567e-06	  0.0000e+00	  0.0000e+00	  5.6946e-04	  5.6946e-04	  0.0000e+00	  0.0000e+00	  0.0000e+00	  0.0000e+00	     -2.1895	      0.0000	      0.0986	      6.3292	
     4.18086	  9.3000e-03	  7.4235e-04	  1.3290e-03	  2.2425e-03	  1.3414e-06	  0.0000e+00	  0.0000e+00	  5.7847e-04	  5.7847e-04	  0.0000e+00	  0.0000e+00	  0.0000e+00	  0.0000e+00	     -2.1877	     -0.0000	      0.0930	      6.3230	
     4.18445	  9.4000e-03	  7.2738e-04	  1.3236e-03	  2.2352e-03	  1.3262e-06	  0.0000e+00	  0.0000e+00	  5.8746e-04	  5.8746e-04	  0.0000e+00	  0.0000e+00	  0.0000e+00	  0.0000e+00	     -2.1858	      0.0000	      0.0874	      6.3167	
     4.18806	  9.5000e-03	  7.1259e-04	  1.3181e-03	  2.2279e-03	  1.3111e-06	  0.0000e+00	  0.0000e+00	  5.9645e-04	  5.9645e-04	  0.0000e+00	  0.0000e+00	  0.0000e+00	  0.0000e+00	     -2.1839	     -0.0000	      0.0817	      6.3103	
      4.1917	  9.6000e-03	  6.9799e-04	  1.3127e-03	  2.2205e-03	  1.2961e-06	  0.0000e+00	  0.0000e+00	  6.0544e-04	  6.0544e-04	  0.0000e+00	  0.0000e+00	  0.0000e+00	  0.0000e+00	     -2.1820	      0.0000	      0.0759	      6.3039	
     4.19537	  9.7000e-03	  6.8359e-04	  1.3073e-03	  2.2130e-03	  1.2812e-06	  0.0000e+00	  0.0000e+00	  6.1441e-04	  6.1441e-04	  0.0000e+00	  0.0000e+00	  0.0000e+00	  0.0000e+00	     -2.1800	      0.0000	      0.0701	      6.2974	
     4.19908	  9.8000e-03	  6.6937e-04	  1.3019e-03	  2.2055e-03	  1.2665e-06	  0.0000e+00	  0.0000e+00	  6.2338e-04	  6.2338e-04	  0.0000e+00	  0.0000e+00	  0.0000e+00	  0.0000e+00	     -2.1781	      0.0000	      0.0643	      6.2909	
     4.20281	  9.9000e-03	  6.5534e-04	  1.2966e-03	  2.1979e-03	  1.2519e-06	  0.0000e+00	  0.0000e+00	  6.3234e-04	  6.3234e-04	  0.0000e+00	  0.0000e+00	  0.0000e+00	  0.0000e+00	     -2.1761	      0.0000	      0.0584	      6.2843	
     4.20657	  1.0000e-02	  6.4150e-04	  1.2913e-03	  2.1903e-03	  1.2374e-06	  0.0000e+00	  0.0000e+00	  6.4129e-04	  6.4129e-04	  0.0000e+00	  0.0000e+00	  0.0000e+00	  0.0000e+00	     -2.1741	      0.0000	      0.0524	      6.2776	
     4.21036	  1.0100e-02	  6.2785e-04	  1.2860e-03	  2.1826e-03	  1.2230e-06	  0.0000e+00	  0.0000e+00	  6.5023e-04	  6.5023e-04	  0.0000e+00	  0.0000e+00	  0.0000e+00	  0.0000e+00	     -2.1721	      0.0000	      0.0464	      6.2709	
     4.21419	  1.0200e-02	  6.1439e-04	  1.2808e-03	  2.1749e-03	  1.2088e-06	  0.0000e+00	  0.0000e+00	  6.5916e-04	  6.5916e-04	  0.0000e+00	  0.0000e+00	  0.0000e+00	  0.0000e+00	     -2.1701	     -0.0000	      0.0403	      6.2641	
     4.21804	  1.0300e-02	  6.0112e-04	  1.2755e-03	  2.1671e-03	  1.1946e-06	  0.0000e+00	  0.0000e+00	  6.6809e-04	  6.6809e-04	  0.0000e+00	  0.0000e+00	  0.0000e+00	  0.0000e+00	     -2.1681	     -0.0000	      0.0342	      6.2573	
     4.22193	  1.0400e-02	  5.8803e-04	  1.2703e-03	  2.1593e-03	  1.1806e-06	  0.0000e+00	  0.0000e+00	  6.7701e-04	  6.7701e-04	  0.0000e+00	  0.0000e+00	  0.0000e+00	  0.0000e+00	     -2.1660	      0.0000	      0.0280	      6.2504	
     4.22585	  1.0500e-02	  5.7513e-04	  1.2651e-03	  2.1514e-03	  1.1668e-06	  0.0000e+00	  0.0000e+00	  6.8592e-04	  6.8592e-04	  0.0000e+00	  0.0000e+00	  0.0000e+00	  0.0000e+00	     -2.1639	      0.0000	      0.0218	      6.2434	
      4.2298	  1.0600e-02	  5.6242e-04	  1.2600e-03	  2.1435e-03	  1.1530e-06	  0.0000e+00	  0.0000e+00	  6.9482e-04	  6.9482e-04	  0.0000e+00	  0.0000e+00	  0.0000e+00	  0.0000e+00	     -2.1618	      0.0000	      0.0155	      6.2363	
     4.23378	  1.0700e-02	  5.4990e-04	  1.2548e-03	  2.1355e-03	  1.1394e-06	  0.0000e+00	  0.0000e+00	  7.0371e-04	  7.0371e-04	  0.0000e+00	  0.0000e+00	  0.0000e+00	  0.0000e+00	     -2.1597	     -0.0000	      0.0091	      6.2292	
     4.23779	  1.0800e-02	  5.3756e-04	  1.2497e-03	  2.1275e-03	  1.1259e-06	  0.0000e+00	  0.0000e+00	  7.1260e-04	  7.1260e-04	  0.0000e+00	  0.0000e+00	  0.0000e+00	  0.0000e+00	     -2.1576	      0.0000	      0.0027	      6.2221	
     4.24184	  1.0900e-02	  5.2541e-04	  1.2446e-03	  2.1194e-03	  1.1125e-06	  0.0000e+00	  0.0000e+00	  7.2147e-04	  7.2147e-04	  0.0000e+00	  0.0000e+00	  0.0000e+00	  0.0000e+00	     -2.1554	     -0.0000	     -0.0037	      6.2148	
     4.24592	  1.1000e-02	  5.1345e-04	  1.2395e-03	  2.1113e-03	  1.0993e-06	  0.0000e+00	  0.0000e+00	  7.3034e-04	  7.3034e-04	  0.0000e+00	  0.0000e+00	  0.0000e+00	  0.0000e+00	     -2.1533	     -0.0000	     -0.0102	      6.2075	
     4.25003	  1.1100e-02	  5.0166e-04	  1.2345e-03	  2.1031e-03	  1.0862e-06	  0.0000e+00	  0.0000e+00	  7.3920e-04	  7.3920e-04	  0.0000e+00	  0.0000e+00	  0.0000e+00	  0.0000e+00	     -2.1511	     -0.0000	     -0.0168	      6.2001	
     4.25418	  1.1200e-02	  4.9007e-04	  1.2295e-03	  2.0949e-03	  1.0732e-06	  0.0000e+00	  0.0000e+00	  7.4806e-04	  7.4806e-04	  0.0000e+00	  0.0000e+00	  0.0000e+00	  0.0000e+00	     -2.1488	     -0.0000	     -0.0235	      6.1927	
     4.25836	  1.1300e-02	  4.7865e-04	  1.2245e-03	  2.0867e-03	  1.0604e-06	  0.0000e+00	  0.0000e+00	  7.5690e-04	  7.5690e-04	  0.0000e+00	  0.0000e+00	  0.0000e+00	  0.0000e+00	     -2.1466	      0.0000	     -0.0302	      6.1852	
     4.26257	  1.1400e-02	  4.6742e-04	  1.2195e-03	  2.0784e-03	  1.0477e-06	  0.0000e+00	  0.0000e+00	  7.6573e-04	  7.6573e-04	  0.0000e+00	  0.0000e+00	  0.0000e+00	  0.0000e+00	     -2.1444	     -0.0000	     -0.0369	      6.1776	
     4.26682	  1.1500e-02	  4.5636e-04	  1.2145e-03	  2.0700e-03	  1.0351e-06	  0.0000e+00	  0.0000e+00	  7.7456e-04	  7.7456e-04	  0.0000e+00	  0.0000e+00	  0.0000e+00	  0.0000e+00	     -2.1421	     -0.0000	     -0.0437	      6.1699	
      4.2711	  1.1600e-02	  4.4549e-04	  1.2096e-03	  2.0616e-03	  1.0227e-06	  0.0000e+00	  0.0000e+00	  7.8338e-04	  7.8338e-04	  0.0000e+00	  0.0000e+00	  0.0000e+00	  0.0000e+00	     -2.1398	     -0.0000	     -0.0506	      6.1622	
     4.27542	  1.1700e-02	  4.3480e-04	  1.2046e-03	  2.0532e-03	  1.0104e-06	  0.0000e+00	  0.0000e+00	  7.9219e-04	  7.9219e-04	  0.0000e+00	  0.0000e+00	  0.0000e+00	  0.0000e+00	     -2.1375	     -0.0000	     -0.0575	      6.1544	
     4.27977	  1.1800e-02	  4.2428e-04	  1.1997e-03	  2.0447e-03	  9.9820e-07	  0.0000e+00	  0.0000e+00	  8.0099e-04	  8.0099e-04	  0.0000e+00	  0.0000e+00	  0.0000e+00	  0.0000e+00	     -2.1352	     -0.0000	     -0.0645	      6.1465	
     4.28416	  1.1900e-02	  4.1394e-04	  1.1949e-03	  2.0362e-03	  9.8617e-07	  0.0000e+00	  0.0000e+00	  8.0979e-04	  8.0979e-04	  0.0000e+00	  0.0000e+00	  0.0000e+00	  0.0000e+00	     -2.1328	     -0.0000	     -0.0716	      6.1385	
     4.28858	  1.2000e-02	  4.0378e-04	  1.1900e-03	  2.0276e-03	  9.7428e-07	  0.0000e+00	  0.0000e+00	  8.1857e-04	  8.1857e-04	  0.0000e+00	  0.0000e+00	  0.0000e+00	  0.0000e+00	     -2.1304	     -0.0000	     -0.0787	      6.1305	
     4.29304	  1.2100e-02	  3.9379e-04	  1.1851e-03	  2.0191e-03	  9.6253e-07	  0.0000e+00	  0.0000e+00	  8.2735e-04	  8.2735e-04	  0.0000e+00	  0.0000e+00	  0.0000e+00	  0.0000e+00	     -2.1280	      0.0000	     -0.0859	      6.1224	
     4.29754	  1.2200e-02	  3.8398e-04	  1.1803e-03	  2.0104e-03	  9.5091e-07	  0.0000e+00	  0.0000e+00	  8.3611e-04	  8.3611e-04	  0.0000e+00	  0.0000e+00	  0.0000e+00	  0.0000e+00	     -2.1256	      0.0000	     -0.0932	      6.1142	
     4.30207	  1.2300e-02	  3.7434e-04	  1.1755e-03	  2.0018e-03	  9.3943e-07	  0.0000e+00	  0.0000e+00	  8.4487e-04	  8.4487e-04	  0.0000e+00	  0.0000e+00	  0.0000e+00	  0.0000e+00	     -2.1232	      0.0000	     -0.1005	      6.1060	
     4.30665	  1.2400e-02	  3.6486e-04	  1.1707e-03	  1.9931e-03	  9.2809e-07	  0.0000e+00	  0.0000e+00	  8.5362e-04	  8.5362e-04	  0.0000e+00	  0.0000e+00	  0.0000e+00	  0.0000e+00	     -2.1207	      0.0000	     -0.1079	      6.0976	
     4.31125	  1.2500e-02	  3.5556e-04	  1.1659e-03	  1.9843e-03	  9.1689e-07	  0.0000e+00	  0.0000e+00	  8.6236e-04	  8.6236e-04	  0.0000e+00	  0.0000e+00	  0.0000e+00	  0.0000e+00	     -2.1182	      0.0000	     -0.1154	      6.0892	
      4.3159	  1.2600e-02	  3.4643e-04	  1.1611e-03	  1.9755e-03	  9.0583e-07	  0.0000e+00	  0.0000e+00	  8.7110e-04	  8.7110e-04	  0.0000e+00	  0.0000e+00	  0.0000e+00	  0.0000e+00	     -2.1157	      0.0000	     -0.1229	      6.0807	
     4.32059	  1.2700e-02	  3.3746e-04	  1.1564e-03	  1.9667e-03	  8.9490e-07	  0.0000e+00	  0.0000e+00	  8.7982e-04	  8.7982e-04	  0.0000e+00	  0.0000e+00	  0.0000e+00	  0.0000e+00	     -2.1132	     -0.0000	     -0.1305	      6.0722	
     4.32531	  1.2800e-02	  3.2866e-04	  1.1516e-03	  1.9579e-03	  8.8412e-07	  0.0000e+00	  0.0000e+00	  8.8853e-04	  8.8853e-04	  0.0000e+00	  0.0000e+00	  0.0000e+00	  0.0000e+00	     -2.1106	      0.0000	     -0.1382	      6.0635	
     4.33008	  1.2900e-02	  3.2002e-04	  1.1469e-03	  1.9490e-03	  8.7347e-07	  0.0000e+00	  0.0000e+00	  8.9724e-04	  8.9724e-04	  0.0000e+00	  0.0000e+00	  0.0000e+00	  0.0000e+00	     -2.1080	      0.0000	     -0.1459	      6.0548	
     4.33488	  1.3000e-02	  3.1154e-04	  1.1422e-03	  1.9401e-03	  8.6296e-07	  0.0000e+00	  0.0000e+00	  9.0593e-04	  9.0593e-04	  0.0000e+00	  0.0000e+00	  0.0000e+00	  0.0000e+00	     -2.1054	     -0.0000	     -0.1537	      6.0460	
     4.33973	  1.3100e-02	  3.0323e-04	  1.1375e-03	  1.9312e-03	  8.5259e-07	  0.0000e+00	  0.0000e+00	  9.1462e-04	  9.1462e-04	  0.0000e+00	  0.0000e+00	  0.0000e+00	  0.0000e+00	     -2.1028	      0.0000	     -0.1616	      6.0371	
     4.34461	  1.3200e-02	  2.9507e-04	  1.1328e-03	  1.9223e-03	  8.4236e-07	  0.0000e+00	  0.0000e+00	  9.2330e-04	  9.2330e-04	  0.0000e+00	  0.0000e+00	  0.0000e+00	  0.0000e+00	     -2.1002	      0.0000	     -0.1695	      6.0281	
     4.34954	  1.3300e-02	  2.8707e-04	  1.1281e-03	  1.9133e-03	  8.3226e-07	  0.0000e+00	  0.0000e+00	  9.3197e-04	  9.3197e-04	  0.0000e+00	  0.0000e+00	  0.0000e+00	  0.0000e+00	     -2.0975	     -0.0000	     -0.1776	      6.0190	
     4.35451	  1.3400e-02	  2.7923e-04	  1.1234e-03	  1.9043e-03	  8.2231e-07	  0.0000e+00	  0.0000e+00	  9.4062e-04	  9.4062e-04	  0.0000e+00	  0.0000e+00	  0.0000e+00	  0.0000e+00	     -2.0948	      0.0000	     -0.1857	      6.0099	
     4.35952	  1.3500e-02	  2.7154e-04	  1.1188e-03	  1.8952e-03	  8.1249e-07	  0.0000e+00	  0.0000e+00	  9.4927e-04	  9.4927e-04	  0.0000e+00	  0.0000e+00	  0.0000e+00	  0.0000e+00	     -2.0921	     -0.0000	     -0.1938	      6.0006	
     4.36458	  1.3600e-02	  2.6401e-04	  1.1141e-03	  1.8862e-03	  8.0281e-07	  0.0000e+00	  0.0000e+00	  9.5791e-04	  9.5791e-04	  0.0000e+00	  0.0000e+00	  0.0000e+00	  0.0000e+00	     -2.0893	     -0.0000	     -0.2021	      5.9913	
     4.36968	  1.3700e-02	  2.5663e-04	  1.1095e-03	  1.8771e-03	  7.9327e-07	  0.0000e+00	  0.0000e+00	  9.6654e-04	  9.6654e-04	  0.0000e+00	  0.0000e+00	  0.0000e+00	  0.0000e+00	     -2.0865	     -0.0000	     -0.2104	      5.9819	
     4.37483	  1.3800e-02	  2.4939e-04	  1.1049e-03	  1.8680e-03	  7.8386e-07	  0.0000e+00	  0.0000e+00	  9.7515e-04	  9.7515e-04	  0.0000e+00	  0.0000e+00	  0.0000e+00	  0.0000e+00	     -2.0837	      0.0000	     -0.2188	      5.9724	
     4.38002	  1.3900e-02	  2.4230e-04	  1.1003e-03	  1.8589e-03	  7.7460e-07	  0.0000e+00	  0.0000e+00	  9.8376e-04	  9.8376e-04	  0.0000e+00	  0.0000e+00	  0.0000e+00	  0.0000e+00	     -2.0809	     -0.0000	     -0.2273	      5.9628	
     4.38526	  1.4000e-02	  2.3536e-04	  1.0957e-03	  1.8498e-03	  7.6546e-07	  0.0000e+00	  0.0000e+00	  9.9236e-04	  9.9236e-04	  0.0000e+00	  0.0000e+00	  0.0000e+00	  0.0000e+00	     -2.0780	     -0.0000	     -0.2359	      5.9531	
     4.39054	  1.4100e-02	  2.2856e-04	  1.0911e-03	  1.8407e-03	  7.5646e-07	  0.0000e+00	  0.0000e+00	  1.0009e-03	  1.0009e-03	  0.0000e+00	  0.0000e+00	  0.0000e+00	  0.0000e+00	     -2.0751	      0.0000	     -0.2446	      5.9433	
     4.39588	  1.4200e-02	  2.2191e-04	  1.0865e-03	  1.8315e-03	  7.4760e-07	  0.0000e+00	  0.0000e+00	  1.0095e-03	  1.0095e-03	  0.0000e+00	  0.0000e+00	  0.0000e+00	  0.0000e+00	     -2.0722	     -0.0000	     -0.2533	      5.9334	
     4.40126	  1.4300e-02	  2.1539e-04	  1.0819e-03	  1.8223e-03	  7.3888e-07	  0.0000e+00	  0.0000e+00	  1.0181e-03	  1.0181e-03	  0.0000e+00	  0.0000e+00	  0.0000e+00	  0.0000e+00	     -2.0693	      0.0000	     -0.2621	      5.9234	
     4.40669	  1.4400e-02	  2.0901e-04	  1.0773e-03	  1.8132e-03	  7.3028e-07	  0.0000e+00	  0.0000e+00	  1.0266e-03	  1.0266e-03	  0.0000e+00	  0.0000e+00	  0.0000e+00	  0.0000e+00	     -2.0663	      0.0000	     -0.2711	      5.9134	
     4.41218	  1.4500e-02	  2.0277e-04	  1.0728e-03	  1.8040e-03	  7.2182e-07	  0.0000e+00	  0.0000e+00	  1.0352e-03	  1.0352e-03	  0.0000e+00	  0.0000e+00	  0.0000e+00	  0.0000e+00	     -2.0633	      0.0000	     -0.2801	      5.9032	
     4.41771	  1.4600e-02	  1.9667e-04	  1.0682e-03	  1.7948e-03	  7.1350e-07	  0.0000e+00	  0.0000e+00	  1.0437e-03	  1.0437e-03	  0.0000e+00	  0.0000e+00	  0.0000e+00	  0.0000e+00	     -2.0603	      0.0000	     -0.2892	      5.8929	
      4.4233	  1.4700e-02	  1.9070e-04	  1.0637e-03	  1.7856e-03	  7.0530e-07	  0.0000e+00	  0.0000e+00	  1.0522e-03	  1.0522e-03	  0.0000e+00	  0.0000e+00	  0.0000e+00	  0.0000e+00	     -2.0572	      0.0000	     -0.2983	      5.8825	
     4.42894	  1.4800e-02	  1.8485e-04	  1.0592e-03	  1.7764e-03	  6.9724e-07	  0.0000e+00	  0.0000e+00	  1.0607e-03	  1.0607e-03	  0.0000e+00	  0.0000e+00	  0.0000e+00	  0.0000e+00	     -2.0541	     -0.0000	     -0.3076	      5.8720	
     4.43464	  1.4900e-02	  1.7914e-04	  1.0546e-03	  1.7672e-03	  6.8931e-07	  0.0000e+00	  0.0000e+00	  1.0692e-03	  1.0692e-03	  0.0000e+00	  0.0000e+00	  0.0000e+00	  0.0000e+00	     -2.0510	      0.0000	     -0.3170	      5.8614	
      4.4404	  1.5000e-02	  1.7356e-04	  1.0501e-03	  1.7580e-03	  6.8151e-07	  0.0000e+00	  0.0000e+00	  1.0777e-03	  1.0777e-03	  0.0000e+00	  0.0000e+00	  0.0000e+00	  0.0000e+00	     -2.0478	      0.0000	     -0.3265	      5.8507	
     4.44621	  1.5100e-02	  1.6810e-04	  1.0456e-03	  1.7488e-03	  6.7383e-07	  0.0000e+00	  0.0000e+00	  1.0861e-03	  1.0861e-03	  0.0000e+00	  0.0000e+00	  0.0000e+00	  0.0000e+00	     -2.0447	     -0.0000	     -0.3360	      5.8399	
     4.45208	  1.5200e-02	  1.6276e-04	  1.0411e-03	  1.7396e-03	  6.6629e-07	  0.0000e+00	  0.0000e+00	  1.0946e-03	  1.0946e-03	  0.0000e+00	  0.0000e+00	  0.0000e+00	  0.0000e+00	     -2.0414	     -0.0000	     -0.3457	      5.8290	
     4.45801	  1.5300e-02	  1.5755e-04	  1.0366e-03	  1.7303e-03	  6.5888e-07	  0.0000e+00	  0.0000e+00	  1.1030e-03	  1.1030e-03	  0.0000e+00	  0.0000e+00	  0.0000e+00	  0.0000e+00	     -2.0382	      0.0000	     -0.3555	      5.8180	
     4.46401	  1.5400e-02	  1.5246e-04	  1.0321e-03	  1.7211e-03	  6.5159e-07	  0.0000e+00	  0.0000e+00	  1.1114e-03	  1.1114e-03	  0.0000e+00	  0.0000e+00	  0.0000e+00	  0.0000e+00	     -2.0349	      0.0000	     -0.3653	      5.8068	
     4.47006	  1.5500e-02	  1.4748e-04	  1.0276e-03	  1.7120e-03	  6.4443e-07	  0.0000e+00	  0.0000e+00	  1.1198e-03	  1.1198e-03	  0.0000e+00	  0.0000e+00	  0.0000e+00	  0.0000e+00	     -2.0316	      0.0000	     -0.3753	      5.7956	
     4.47619	  1.5600e-02	  1.4262e-04	  1.0232e-03	  1.7028e-03	  6.3739e-07	  0.0000e+00	  0.0000e+00	  1.1282e-03	  1.1282e-03	  0.0000e+00	  0.0000e+00	  0.0000e+00	  0.0000e+00	     -2.0282	      0.0000	     -0.3854	      5.7842	
     4.48237	  1.5700e-02	  1.3788e-04	  1.0187e-03	  1.6936e-03	  6.3048e-07	  0.0000e+00	  0.0000e+00	  1.1366e-03	  1.1366e-03	  0.0000e+00	  0.0000e+00	  0.0000e+00	  0.0000e+00	     -2.0248	     -0.0000	     -0.3956	      5.7727	
     4.48863	  1.5800e-02	  1.3324e-04	  1.0142e-03	  1.6844e-03	  6.2370e-07	  0.0000e+00	  0.0000e+00	  1.1449e-03	  1.1449e-03	  0.0000e+00	  0.0000e+00	  0.0000e+00	  0.0000e+00	     -2.0213	      0.0000	     -0.4060	      5.7610	
     4.49496	  1.5900e-02	  1.2872e-04	  1.0098e-03	  1.6753e-03	  6.1704e-07	  0.0000e+00	  0.0000e+00	  1.1533e-03	  1.1533e-03	  0.0000e+00	  0.0000e+00	  0.0000e+00	  0.0000e+00	     -2.0179	      0.0000	     -0.4164	      5.7493	
     4.50136	  1.6000e-02	  1.2431e-04	  1.0054e-03	  1.6662e-03	  6.1050e-07	  0.0000e+00	  0.0000e+00	  1.1616e-03	  1.1616e-03	  0.0000e+00	  0.0000e+00	  0.0000e+00	  0.0000e+00	     -2.0144	      0.0000	     -0.4269	      5.7374	
     4.50784	  1.6100e-02	  1.2001e-04	  1.0009e-03	  1.6570e-03	  6.0408e-07	  0.0000e+00	  0.0000e+00	  1.1699e-03	  1.1699e-03	  0.0000e+00	  0.0000e+00	  0.0000e+00	  0.0000e+00	     -2.0108	      0.0000	     -0.4376	      5.7254	
      4.5144	  1.6200e-02	  1.1581e-04	  9.9651e-04	  1.6480e-03	  5.9778e-07	  0.0000e+00	  0.0000e+00	  1.1781e-03	  1.1781e-03	  0.0000e+00	  0.0000e+00	  0.0000e+00	  0.0000e+00	     -2.0072	      0.0000	     -0.4484	      5.7132	
     4.52103	  1.6300e-02	  1.1171e-04	  9.9211e-04	  1.6389e-03	  5.9161e-07	  0.0000e+00	  0.0000e+00	  1.1864e-03	  1.1864e-03	  0.0000e+00	  0.0000e+00	  0.0000e+00	  0.0000e+00	     -2.0035	     -0.0000	     -0.4594	      5.7009	
     4.52774	  1.6400e-02	  1.0772e-04	  9.8772e-04	  1.6298e-03	  5.8555e-07	  0.0000e+00	  0.0000e+00	  1.1946e-03	  1.1946e-03	  0.0000e+00	  0.0000e+00	  0.0000e+00	  0.0000e+00	     -1.9999	      0.0000	     -0.4704	      5.6885	
     4.53454	  1.6500e-02	  1.0383e-04	  9.8334e-04	  1.6208e-03	  5.7962e-07	  0.0000e+00	  0.0000e+00	  1.2028e-03	  1.2028e-03	  0.0000e+00	  0.0000e+00	  0.0000e+00	  0.0000e+00	     -1.9961	      0.0000	     -0.4816	      5.6759	
     4.54141	  1.6600e-02	  1.0004e-04	  9.7898e-04	  1.6119e-03	  5.7381e-07	  0.0000e+00	  0.0000e+00	  1.2110e-03	  1.2110e-03	  0.0000e+00	  0.0000e+00	  0.0000e+00	  0.0000e+00	     -1.9923	      0.0000	     -0.4930	      5.6632	
     4.54838	  1.6700e-02	  9.6344e-05	  9.7464e-04	  1.6029e-03	  5.6812e-07	  0.0000e+00	  0.0000e+00	  1.2191e-03	  1.2191e-03	  0.0000e+00	  0.0000e+00	  0.0000e+00	  0.0000e+00	     -1.9885	     -0.0000	     -0.5045	      5.6503	
     4.55544	  1.6800e-02	  9.2745e-05	  9.7031e-04	  1.5940e-03	  5.6254e-07	  0.0000e+00	  0.0000e+00	  1.2272e-03	  1.2272e-03	  0.0000e+00	  0.0000e+00	  0.0000e+00	  0.0000e+00	     -1.9846	      0.0000	     -0.5161	      5.6373	
      4.5626	  1.6900e-02	  8.9239e-05	  9.6600e-04	  1.5851e-03	  5.5708e-07	  0.0000e+00	  0.0000e+00	  1.2353e-03	  1.2353e-03	  0.0000e+00	  0.0000e+00	  0.0000e+00	  0.0000e+00	     -1.9807	     -0.0000	     -0.5279	      5.6242	
     4.56986	  1.7000e-02	  8.5824e-05	  9.6170e-04	  1.5763e-03	  5.5173e-07	  0.0000e+00	  0.0000e+00	  1.2434e-03	  1.2434e-03	  0.0000e+00	  0.0000e+00	  0.0000e+00	  0.0000e+00	     -1.9767	      0.0000	     -0.5398	      5.6108	
     4.57722	  1.7100e-02	  8.2499e-05	  9.5743e-04	  1.5675e-03	  5.4650e-07	  0.0000e+00	  0.0000e+00	  1.2514e-03	  1.2514e-03	  0.0000e+00	  0.0000e+00	  0.0000e+00	  0.0000e+00	     -1.9727	      0.0000	     -0.5519	      5.5973	
     4.58468	  1.7200e-02	  7.9262e-05	  9.5318e-04	  1.5588e-03	  5.4139e-07	  0.0000e+00	  0.0000e+00	  1.2594e-03	  1.2594e-03	  0.0000e+00	  0.0000e+00	  0.0000e+00	  0.0000e+00	     -1.9686	     -0.0000	     -0.5642	      5.5836	
     4.59226	  1.7300e-02	  7.6112e-05	  9.4895e-04	  1.5501e-03	  5.3638e-07	  0.0000e+00	  0.0000e+00	  1.2674e-03	  1.2674e-03	  0.0000e+00	  0.0000e+00	  0.0000e+00	  0.0000e+00	     -1.9645	      0.0000	     -0.5766	      5.5698	
     4.59995	  1.7400e-02	  7.3047e-05	  9.4474e-04	  1.5414e-03	  5.3150e-07	  0.0000e+00	  0.0000e+00	  1.2753e-03	  1.2753e-03	  0.0000e+00	  0.0000e+00	  0.0000e+00	  0.0000e+00	     -1.9603	      0.0000	     -0.5892	      5.5558	
     4.60777	  1.7500e-02	  7.0066e-05	  9.4057e-04	  1.5328e-03	  5.2672e-07	  0.0000e+00	  0.0000e+00	  1.2832e-03	  1.2832e-03	  0.0000e+00	  0.0000e+00	  0.0000e+00	  0.0000e+00	     -1.9560	      0.0000	     -0.6020	      5.5415	
     4.61571	  1.7600e-02	  6.7167e-05	  9.3642e-04	  1.5243e-03	  5.2206e-07	  0.0000e+00	  0.0000e+00	  1.2910e-03	  1.2910e-03	  0.0000e+00	  0.0000e+00	  0.0000e+00	  0.0000e+00	     -1.9517	     -0.0000	     -0.6150	      5.5271	
     4.62377	  1.7700e-02	  6.4348e-05	  9.3231e-04	  1.5158e-03	  5.1751e-07	  0.0000e+00	  0.0000e+00	  1.2988e-03	  1.2988e-03	  0.0000e+00	  0.0000e+00	  0.0000e+00	  0.0000e+00	     -1.9473	      0.0000	     -0.6282	      5.5125	
     4.63198	  1.7800e-02	  6.1608e-05	  9.2823e-04	  1.5074e-03	  5.1308e-07	  0.0000e+00	  0.0000e+00	  1.3066e-03	  1.3066e-03	  0.0000e+00	  0.0000e+00	  0.0000e+00	  0.0000e+00	     -1.9428	      0.0000	     -0.6416	      5.4977	
     4.64032	  1.7900e-02	  5.8947e-05	  9.2419e-04	  1.4990e-03	  5.0876e-07	  0.0000e+00	  0.0000e+00	  1.3143e-03	  1.3143e-03	  0.0000e+00	  0.0000e+00	  0.0000e+00	  0.0000e+00	     -1.9383	     -0.0000	     -0.6552	      5.4827	
     4.64881	  1.8000e-02	  5.6362e-05	  9.2019e-04	  1.4908e-03	  5.0455e-07	  0.0000e+00	  0.0000e+00	  1.3220e-03	  1.3220e-03	  0.0000e+00	  0.0000e+00	  0.0000e+00	  0.0000e+00	     -1.9337	     -0.0000	     -0.6690	      5.4674	
     4.65745	  1.8100e-02	  5.3852e-05	  9.1623e-04	  1.4826e-03	  5.0046e-07	  0.0000e+00	  0.0000e+00	  1.3296e-03	  1.3296e-03	  0.0000e+00	  0.0000e+00	  0.0000e+00	  0.0000e+00	     -1.9290	      0.0000	     -0.6831	      5.4520	
     4.66625	  1.8200e-02	  5.1416e-05	  9.1233e-04	  1.4744e-03	  4.9648e-07	  0.0000e+00	  0.0000e+00	  1.3371e-03	  1.3371e-03	  0.0000e+00	  0.0000e+00	  0.0000e+00	  0.0000e+00	     -1.9242	     -0.0000	     -0.6973	      5.4363	
     4.67521	  1.8300e-02	  4.9052e-05	  9.0847e-04	  1.4664e-03	  4.9262e-07	  0.0000e+00	  0.0000e+00	  1.3446e-03	  1.3446e-03	  0.0000e+00	  0.0000e+00	  0.0000e+00	  0.0000e+00	     -1.9194	      0.0000	     -0.7119	      5.4204	
     4.68435	  1.8400e-02	  4.6760e-05	  9.0467e-04	  1.4585e-03	  4.8888e-07	  0.0000e+00	  0.0000e+00	  1.3520e-03	  1.3520e-03	  0.0000e+00	  0.0000e+00	  0.0000e+00	  0.0000e+00	     -1.9145	      0.0000	     -0.7266	      5.4042	
     4.69367	  1.8500e-02	  4.4539e-05	  9.0094e-04	  1.4506e-03	  4.8525e-07	  0.0000e+00	  0.0000e+00	  1.3594e-03	  1.3594e-03	  0.0000e+00	  0.0000e+00	  0.0000e+00	  0.0000e+00	     -1.9094	      0.0000	     -0.7417	      5.3878	
     4.70318	  1.8600e-02	  4.2387e-05	  8.9727e-04	  1.4429e-03	  4.8175e-07	  0.0000e+00	  0.0000e+00	  1.3667e-03	  1.3667e-03	  0.0000e+00	  0.0000e+00	  0.0000e+00	  0.0000e+00	     -1.9043	     -0.0000	     -0.7570	      5.3711	
     4.71288	  1.8700e-02	  4.0302e-05	  8.9367e-04	  1.4352e-03	  4.7837e-07	  0.0000e+00	  0.0000e+00	  1.3739e-03	  1.3739e-03	  0.0000e+00	  0.0000e+00	  0.0000e+00	  0.0000e+00	     -1.8991	      0.0000	     -0.7726	      5.3541	
     4.72279	  1.8800e-02	  3.8285e-05	  8.9015e-04	  1.4277e-03	  4.7511e-07	  0.0000e+00	  0.0000e+00	  1.3810e-03	  1.3810e-03	  0.0000e+00	  0.0000e+00	  0.0000e+00	  0.0000e+00	     -1.8938	      0.0000	     -0.7885	      5.3369	
     4.73291	  1.8900e-02	  3.6335e-05	  8.8671e-04	  1.4203e-03	  4.7198e-07	  0.0000e+00	  0.0000e+00	  1.3881e-03	  1.3881e-03	  0.0000e+00	  0.0000e+00	  0.0000e+00	  0.0000e+00	     -1.8884	      0.0000	     -0.8047	      5.3194	
     4.74325	  1.9000e-02	  3.4449e-05	  8.8336e-04	  1.4130e-03	  4.6898e-07	  0.0000e+00	  0.0000e+00	  1.3950e-03	  1.3950e-03	  0.0000e+00	  0.0000e+00	  0.0000e+00	  0.0000e+00	     -1.8829	      0.0000	     -0.8212	      5.3016	
     4.75382	  1.9100e-02	  3.2629e-05	  8.8011e-04	  1.4058e-03	  4.6612e-07	  0.0000e+00	  0.0000e+00	  1.4019e-03	  1.4019e-03	  0.0000e+00	  0.0000e+00	  0.0000e+00	  0.0000e+00	     -1.8773	     -0.0000	     -0.8380	      5.2835	
     4.76463	  1.9200e-02	  3.0871e-05	  8.7697e-04	  1.3988e-03	  4.6340e-07	  0.0000e+00	  0.0000e+00	  1.4086e-03	  1.4086e-03	  0.0000e+00	  0.0000e+00	  0.0000e+00	  0.0000e+00	     -1.8716	      0.0000	     -0.8552	      5.2650	
      4.7757	  1.9300e-02	  2.9177e-05	  8.7393e-04	  1.3920e-03	  4.6081e-07	  0.0000e+00	  0.0000e+00	  1.4153e-03	  1.4153e-03	  0.0000e+00	  0.0000e+00	  0.0000e+00	  0.0000e+00	     -1.8658	      0.0000	     -0.8727	      5.2463	
     4.78702	  1.9400e-02	  2.7545e-05	  8.7102e-04	  1.3853e-03	  4.5838e-07	  0.0000e+00	  0.0000e+00	  1.4218e-03	  1.4218e-03	  0.0000e+00	  0.0000e+00	  0.0000e+00	  0.0000e+00	     -1.8598	      0.0000	     -0.8905	      5.2272	
     4.79861	  1.9500e-02	  2.5975e-05	  8.6824e-04	  1.3787e-03	  4.5611e-07	  0.0000e+00	  0.0000e+00	  1.4282e-03	  1.4282e-03	  0.0000e+00	  0.0000e+00	  0.0000e+00	  0.0000e+00	     -1.8537	      0.0000	     -0.9088	      5.2078	
     4.81047	  1.9600e-02	  2.4466e-05	  8.6559e-04	  1.3724e-03	  4.5399e-07	  0.0000e+00	  0.0000e+00	  1.4344e-03	  1.4344e-03	  0.0000e+00	  0.0000e+00	  0.0000e+00	  0.0000e+00	     -1.8475	      0.0000	     -0.9274	      5.1881	
     4.82262	  1.9700e-02	  2.3018e-05	  8.6309e-04	  1.3662e-03	  4.5205e-07	  0.0000e+00	  0.0000e+00	  1.4405e-03	  1.4405e-03	  0.0000e+00	  0.0000e+00	  0.0000e+00	  0.0000e+00	     -1.8412	      0.0000	     -0.9463	      5.1680	
     4.83505	  1.9800e-02	  2.1630e-05	  8.6075e-04	  1.3603e-03	  4.5029e-07	  0.0000e+00	  0.0000e+00	  1.4465e-03	  1.4465e-03	  0.0000e+00	  0.0000e+00	  0.0000e+00	  0.0000e+00	     -1.8348	      0.0000	     -0.9657	      5.1476	
     4.84778	  1.9900e-02	  2.0301e-05	  8.5858e-04	  1.3545e-03	  4.4872e-07	  0.0000e+00	  0.0000e+00	  1.4523e-03	  1.4523e-03	  0.0000e+00	  0.0000e+00	  0.0000e+00	  0.0000e+00	     -1.8282	      0.0000	     -0.9855	      5.1268	
     4.86082	  2.0000e-02	  1.9032e-05	  8.5658e-04	  1.3490e-03	  4.4735e-07	  0.0000e+00	  0.0000e+00	  1.4579e-03	  1.4579e-03	  0.0000e+00	  0.0000e+00	  0.0000e+00	  0.0000e+00	     -1.8214	      0.0000	     -1.0057	      5.1057	
     4.87415	  2.0100e-02	  1.7822e-05	  8.5476e-04	  1.3437e-03	  4.4619e-07	  0.0000e+00	  0.0000e+00	  1.4633e-03	  1.4633e-03	  0.0000e+00	  0.0000e+00	  0.0000e+00	  0.0000e+00	     -1.8146	     -0.0000	     -1.0262	      5.0843	
     4.88777	  2.0200e-02	  1.6670e-05	  8.5314e-04	  1.3386e-03	  4.4527e-07	  0.0000e+00	  0.0000e+00	  1.4686e-03	  1.4686e-03	  0.0000e+00	  0.0000e+00	  0.0000e+00	  0.0000e+00	     -1.8076	      0.0000	     -1.0472	      5.0625	
      4.9017	  2.0300e-02	  1.5576e-05	  8.5172e-04	  1.3338e-03	  4.4459e-07	  0.0000e+00	  0.0000e+00	  1.4736e-03	  1.4736e-03	  0.0000e+00	  0.0000e+00	  0.0000e+00	  0.0000e+00	     -1.8005	      0.0000	     -1.0685	      5.0404	
     4.91591	  2.0400e-02	  1.4539e-05	  8.5051e-04	  1.3292e-03	  4.4417e-07	  0.0000e+00	  0.0000e+00	  1.4785e-03	  1.4785e-03	  0.0000e+00	  0.0000e+00	  0.0000e+00	  0.0000e+00	     -1.7933	     -0.0000	     -1.0902	      5.0180	
      4.9304	  2.0500e-02	  1.3559e-05	  8.4951e-04	  1.3249e-03	  4.4403e-07	  0.0000e+00	  0.0000e+00	  1.4831e-03	  1.4831e-03	  0.0000e+00	  0.0000e+00	  0.0000e+00	  0.0000e+00	     -1.7859	      0.0000	     -1.1122	      4.9953	
     4.94515	  2.0600e-02	  1.2636e-05	  8.4872e-04	  1.3209e-03	  4.4419e-07	  0.0000e+00	  0.0000e+00	  1.4875e-03	  1.4875e-03	  0.0000e+00	  0.0000e+00	  0.0000e+00	  0.0000e+00	     -1.7785	      0.0000	     -1.1346	      4.9724	
     4.96015	  2.0700e-02	  1.1767e-05	  8.4816e-04	  1.3171e-03	  4.4468e-07	  0.0000e+00	  0.0000e+00	  1.4917e-03	  1.4917e-03	  0.0000e+00	  0.0000e+00	  0.0000e+00	  0.0000e+00	     -1.7709	      0.0000	     -1.1573	      4.9492	
     4.97537	  2.0800e-02	  1.0953e-05	  8.4782e-04	  1.3136e-03	  4.4550e-07	  0.0000e+00	  0.0000e+00	  1.4956e-03	  1.4956e-03	  0.0000e+00	  0.0000e+00	  0.0000e+00	  0.0000e+00	     -1.7633	     -0.0000	     -1.1802	      4.9258	
     4.99077	  2.0900e-02	  1.0191e-05	  8.4769e-04	  1.3104e-03	  4.4670e-07	  0.0000e+00	  0.0000e+00	  1.4993e-03	  1.4993e-03	  0.0000e+00	  0.0000e+00	  0.0000e+00	  0.0000e+00	     -1.7556	      0.0000	     -1.2033	      4.9023	
     5.00634	  2.1000e-02	  9.4807e-06	  8.4779e-04	  1.3075e-03	  4.4828e-07	  0.0000e+00	  0.0000e+00	  1.5028e-03	  1.5028e-03	  0.0000e+00	  0.0000e+00	  0.0000e+00	  0.0000e+00	     -1.7478	      0.0000	     -1.2266	      4.8787	
     5.02204	  2.1100e-02	  8.8202e-06	  8.4809e-04	  1.3049e-03	  4.5029e-07	  0.0000e+00	  0.0000e+00	  1.5060e-03	  1.5060e-03	  0.0000e+00	  0.0000e+00	  0.0000e+00	  0.0000e+00	     -1.7400	      0.0000	     -1.2501	      4.8550	
     5.03783	  2.1200e-02	  8.2076e-06	  8.4859e-04	  1.3025e-03	  4.5274e-07	  0.0000e+00	  0.0000e+00	  1.5090e-03	  1.5090e-03	  0.0000e+00	  0.0000e+00	  0.0000e+00	  0.0000e+00	     -1.7321	      0.0000	     -1.2736	      4.8313	
     5.05368	  2.1300e-02	  7.6407e-06	  8.4928e-04	  1.3004e-03	  4.5568e-07	  0.0000e+00	  0.0000e+00	  1.5118e-03	  1.5118e-03	  0.0000e+00	  0.0000e+00	  0.0000e+00	  0.0000e+00	     -1.7243	     -0.0000	     -1.2971	      4.8077	
     5.06954	  2.1400e-02	  7.1174e-06	  8.5015e-04	  1.2985e-03	  4.5911e-07	  0.0000e+00	  0.0000e+00	  1.5144e-03	  1.5144e-03	  0.0000e+00	  0.0000e+00	  0.0000e+00	  0.0000e+00	     -1.7165	     -0.0000	     -1.3206	      4.7841	
     5.08538	  2.1500e-02	  6.6352e-06	  8.5119e-04	  1.2969e-03	  4.6309e-07	  0.0000e+00	  0.0000e+00	  1.5168e-03	  1.5168e-03	  0.0000e+00	  0.0000e+00	  0.0000e+00	  0.0000e+00	     -1.7086	      0.0000	     -1.3441	      4.7607	
     5.10116	  2.1600e-02	  6.1918e-06	  8.5237e-04	  1.2955e-03	  4.6763e-07	  0.0000e+00	  0.0000e+00	  1.5190e-03	  1.5190e-03	  0.0000e+00	  0.0000e+00	  0.0000e+00	  0.0000e+00	     -1.7009	      0.0000	     -1.3673	      4.7375	
     5.11685	  2.1700e-02	  5.7846e-06	  8.5370e-04	  1.2943e-03	  4.7279e-07	  0.0000e+00	  0.0000e+00	  1.5210e-03	  1.5210e-03	  0.0000e+00	  0.0000e+00	  0.0000e+00	  0.0000e+00	     -1.6932	     -0.0000	     -1.3904	      4.7145	
     5.13241	  2.1800e-02	  5.4110e-06	  8.5515e-04	  1.2934e-03	  4.7858e-07	  0.0000e+00	  0.0000e+00	  1.5228e-03	  1.5228e-03	  0.0000e+00	  0.0000e+00	  0.0000e+00	  0.0000e+00	     -1.6856	      0.0000	     -1.4133	      4.6918	
     5.14782	  2.1900e-02	  5.0687e-06	  8.5671e-04	  1.2926e-03	  4.8506e-07	  0.0000e+00	  0.0000e+00	  1.5244e-03	  1.5244e-03	  0.0000e+00	  0.0000e+00	  0.0000e+00	  0.0000e+00	     -1.6780	      0.0000	     -1.4359	      4.6693	
     5.16305	  2.2000e-02	  4.7552e-06	  8.5837e-04	  1.2919e-03	  4.9225e-07	  0.0000e+00	  0.0000e+00	  1.5260e-03	  1.5260e-03	  0.0000e+00	  0.0000e+00	  0.0000e+00	  0.0000e+00	     -1.6706	     -0.0000	     -1.4583	      4.6472	
     5.17808	  2.2100e-02	  4.4680e-06	  8.6011e-04	  1.2915e-03	  5.0021e-07	  0.0000e+00	  0.0000e+00	  1.5273e-03	  1.5273e-03	  0.0000e+00	  0.0000e+00	  0.0000e+00	  0.0000e+00	     -1.6632	     -0.0000	     -1.4803	      4.6255	
     5.19289	  2.2200e-02	  4.2051e-06	  8.6192e-04	  1.2912e-03	  5.0898e-07	  0.0000e+00	  0.0000e+00	  1.5286e-03	  1.5286e-03	  0.0000e+00	  0.0000e+00	  0.0000e+00	  0.0000e+00	     -1.6560	     -0.0000	     -1.5019	      4.6041	
     5.20747	  2.2300e-02	  3.9642e-06	  8.6379e-04	  1.2910e-03	  5.1860e-07	  0.0000e+00	  0.0000e+00	  1.5297e-03	  1.5297e-03	  0.0000e+00	  0.0000e+00	  0.0000e+00	  0.0000e+00	     -1.6489	      0.0000	     -1.5232	      4.5831	
      5.2218	  2.2400e-02	  3.7435e-06	  8.6571e-04	  1.2909e-03	  5.2914e-07	  0.0000e+00	  0.0000e+00	  1.5308e-03	  1.5308e-03	  0.0000e+00	  0.0000e+00	  0.0000e+00	  0.0000e+00	     -1.6420	      0.0000	     -1.5441	      4.5625	
     5.23588	  2.2500e-02	  3.5411e-06	  8.6768e-04	  1.2909e-03	  5.4063e-07	  0.0000e+00	  0.0000e+00	  1.5317e-03	  1.5317e-03	  0.0000e+00	  0.0000e+00	  0.0000e+00	  0.0000e+00	     -1.6351	      0.0000	     -1.5646	      4.5423	
      5.2497	  2.2600e-02	  3.3554e-06	  8.6967e-04	  1.2911e-03	  5.5315e-07	  0.0000e+00	  0.0000e+00	  1.5326e-03	  1.5326e-03	  0.0000e+00	  0.0000e+00	  0.0000e+00	  0.0000e+00	     -1.6284	     -0.0000	     -1.5847	      4.5225	
     5.26326	  2.2700e-02	  3.1847e-06	  8.7168e-04	  1.2913e-03	  5.6675e-07	  0.0000e+00	  0.0000e+00	  1.5334e-03	  1.5334e-03	  0.0000e+00	  0.0000e+00	  0.0000e+00	  0.0000e+00	     -1.6218	      0.0000	     -1.6045	      4.5031	
     5.27655	  2.2800e-02	  3.0278e-06	  8.7372e-04	  1.2916e-03	  5.8150e-07	  0.0000e+00	  0.0000e+00	  1.5341e-03	  1.5341e-03	  0.0000e+00	  0.0000e+00	  0.0000e+00	  0.0000e+00	     -1.6154	      0.0000	     -1.6238	      4.4841	
     5.28958	  2.2900e-02	  2.8832e-06	  8.7577e-04	  1.2920e-03	  5.9746e-07	  0.0000e+00	  0.0000e+00	  1.5347e-03	  1.5347e-03	  0.0000e+00	  0.0000e+00	  0.0000e+00	  0.0000e+00	     -1.6091	     -0.0000	     -1.6427	      4.4656	
     5.30234	  2.3000e-02	  2.7500e-06	  8.7782e-04	  1.2924e-03	  6.1471e-07	  0.0000e+00	  0.0000e+00	  1.5353e-03	  1.5353e-03	  0.0000e+00	  0.0000e+00	  0.0000e+00	  0.0000e+00	     -1.6029	     -0.0000	     -1.6613	      4.4474	
     5.31485	  2.3100e-02	  2.6270e-06	  8.7988e-04	  1.2929e-03	  6.3331e-07	  0.0000e+00	  0.0000e+00	  1.5358e-03	  1.5358e-03	  0.0000e+00	  0.0000e+00	  0.0000e+00	  0.0000e+00	     -1.5969	      0.0000	     -1.6794	      4.4296	
     5.32709	  2.3200e-02	  2.5132e-06	  8.8194e-04	  1.2934e-03	  6.5336e-07	  0.0000e+00	  0.0000e+00	  1.5363e-03	  1.5363e-03	  0.0000e+00	  0.0000e+00	  0.0000e+00	  0.0000e+00	     -1.5909	     -0.0000	     -1.6972	      4.4122	
     5.33909	  2.3300e-02	  2.4079e-06	  8.8399e-04	  1.2940e-03	  6.7493e-07	  0.0000e+00	  0.0000e+00	  1.5368e-03	  1.5368e-03	  0.0000e+00	  0.0000e+00	  0.0000e+00	  0.0000e+00	     -1.5851	      0.0000	     -1.7146	      4.3951	
     5.35084	  2.3400e-02	  2.3103e-06	  8.8604e-04	  1.2946e-03	  6.9811e-07	  0.0000e+00	  0.0000e+00	  1.5372e-03	  1.5372e-03	  0.0000e+00	  0.0000e+00	  0.0000e+00	  0.0000e+00	     -1.5795	      0.0000	     -1.7316	      4.3785	
     5.36235	  2.3500e-02	  2.2197e-06	  8.8808e-04	  1.2953e-03	  7.2298e-07	  0.0000e+00	  0.0000e+00	  1.5376e-03	  1.5376e-03	  0.0000e+00	  0.0000e+00	  0.0000e+00	  0.0000e+00	     -1.5739	      0.0000	     -1.7483	      4.3622	
     5.37362	  2.3600e-02	  2.1354e-06	  8.9011e-04	  1.2960e-03	  7.4965e-07	  0.0000e+00	  0.0000e+00	  1.5379e-03	  1.5379e-03	  0.0000e+00	  0.0000e+00	  0.0000e+00	  0.0000e+00	     -1.5685	     -0.0000	     -1.7646	      4.3462	
     5.38466	  2.3700e-02	  2.0570e-06	  8.9212e-04	  1.2967e-03	  7.7820e-07	  0.0000e+00	  0.0000e+00	  1.5383e-03	  1.5383e-03	  0.0000e+00	  0.0000e+00	  0.0000e+00	  0.0000e+00	     -1.5631	      0.0000	     -1.7806	      4.3306	
     5.39547	  2.3800e-02	  1.9838e-06	  8.9413e-04	  1.2975e-03	  8.0874e-07	  0.0000e+00	  0.0000e+00	  1.5386e-03	  1.5386e-03	  0.0000e+00	  0.0000e+00	  0.0000e+00	  0.0000e+00	     -1.5579	      0.0000	     -1.7963	      4.3153	
     5.40607	  2.3900e-02	  1.9155e-06	  8.9612e-04	  1.2983e-03	  8.4137e-07	  0.0000e+00	  0.0000e+00	  1.5388e-03	  1.5388e-03	  0.0000e+00	  0.0000e+00	  0.0000e+00	  0.0000e+00	     -1.5528	      0.0000	     -1.8116	      4.3003	
     5.41646	  2.4000e-02	  1.8517e-06	  8.9809e-04	  1.2991e-03	  8.7620e-07	  0.0000e+00	  0.0000e+00	  1.5391e-03	  1.5391e-03	  0.0000e+00	  0.0000e+00	  0.0000e+00	  0.0000e+00	     -1.5478	      0.0000	     -1.8266	      4.2856	
     5.42664	  2.4100e-02	  1.7919e-06	  9.0005e-04	  1.2999e-03	  9.1333e-07	  0.0000e+00	  0.0000e+00	  1.5393e-03	  1.5393e-03	  0.0000e+00	  0.0000e+00	  0.0000e+00	  0.0000e+00	     -1.5429	      0.0000	     -1.8414	      4.2712	
     5.43662	  2.4200e-02	  1.7358e-06	  9.0199e-04	  1.3008e-03	  9.5288e-07	  0.0000e+00	  0.0000e+00	  1.5395e-03	  1.5395e-03	  0.0000e+00	  0.0000e+00	  0.0000e+00	  0.0000e+00	     -1.5381	      0.0000	     -1.8558	      4.2571	
      5.4464	  2.4300e-02	  1.6832e-06	  9.0391e-04	  1.3017e-03	  9.9497e-07	  0.0000e+00	  0.0000e+00	  1.5397e-03	  1.5397e-03	  0.0000e+00	  0.0000e+00	  0.0000e+00	  0.0000e+00	     -1.5333	      0.0000	     -1.8700	      4.2433	
       5.456	  2.4400e-02	  1.6338e-06	  9.0582e-04	  1.3026e-03	  1.0397e-06	  0.0000e+00	  0.0000e+00	  1.5399e-03	  1.5399e-03	  0.0000e+00	  0.0000e+00	  0.0000e+00	  0.0000e+00	     -1.5287	      0.0000	     -1.8838	      4.2297	
     5.46542	  2.4500e-02	  1.5872e-06	  9.0771e-04	  1.3035e-03	  1.0872e-06	  0.0000e+00	  0.0000e+00	  1.5401e-03	  1.5401e-03	  0.0000e+00	  0.0000e+00	  0.0000e+00	  0.0000e+00	     -1.5242	      0.0000	     -1.8975	      4.2164	
     5.47466	  2.4600e-02	  1.5434e-06	  9.0958e-04	  1.3044e-03	  1.1376e-06	  0.0000e+00	  0.0000e+00	  1.5403e-03	  1.5403e-03	  0.0000e+00	  0.0000e+00	  0.0000e+00	  0.0000e+00	     -1.5197	      0.0000	     -1.9108	      4.2034	
     5.48373	  2.4700e-02	  1.5021e-06	  9.1143e-04	  1.3053e-03	  1.1910e-06	  0.0000e+00	  0.0000e+00	  1.5404e-03	  1.5404e-03	  0.0000e+00	  0.0000e+00	  0.0000e+00	  0.0000e+00	     -1.5154	      0.0000	     -1.9239	      4.1906	
     5.49263	  2.4800e-02	  1.4630e-06	  9.1327e-04	  1.3063e-03	  1.2476e-06	  0.0000e+00	  0.0000e+00	  1.5406e-03	  1.5406e-03	  0.0000e+00	  0.0000e+00	  0.0000e+00	  0.0000e+00	     -1.5111	      0.0000	     -1.9368	      4.1781	
     5.50137	  2.4900e-02	  1.4261e-06	  9.1509e-04	  1.3072e-03	  1.3075e-06	  0.0000e+00	  0.0000e+00	  1.5407e-03	  1.5407e-03	  0.0000e+00	  0.0000e+00	  0.0000e+00	  0.0000e+00	     -1.5068	      0.0000	     -1.9495	      4.1657	
     5.50995	  2.5000e-02	  1.3912e-06	  9.1689e-04	  1.3082e-03	  1.3707e-06	  0.0000e+00	  0.0000e+00	  1.5408e-03	  1.5408e-03	  0.0000e+00	  0.0000e+00	  0.0000e+00	  0.0000e+00	     -1.5027	      0.0000	     -1.9619	      4.1536	
     5.51839	  2.5100e-02	  1.3581e-06	  9.1867e-04	  1.3092e-03	  1.4375e-06	  0.0000e+00	  0.0000e+00	  1.5409e-03	  1.5409e-03	  0.0000e+00	  0.0000e+00	  0.0000e+00	  0.0000e+00	     -1.4986	      0.0000	     -1.9741	      4.1417	
     5.52667	  2.5200e-02	  1.3268e-06	  9.2043e-04	  1.3101e-03	  1.5080e-06	  0.0000e+00	  0.0000e+00	  1.5410e-03	  1.5410e-03	  0.0000e+00	  0.0000e+00	  0.0000e+00	  0.0000e+00	     -1.4947	      0.0000	     -1.9860	      4.1301	
     5.53482	  2.5300e-02	  1.2970e-06	  9.2218e-04	  1.3111e-03	  1.5823e-06	  0.0000e+00	  0.0000e+00	  1.5412e-03	  1.5412e-03	  0.0000e+00	  0.0000e+00	  0.0000e+00	  0.0000e+00	     -1.4907	     -0.0000	     -1.9978	      4.1186	
     5.54282	  2.5400e-02	  1.2688e-06	  9.2391e-04	  1.3121e-03	  1.6605e-06	  0.0000e+00	  0.0000e+00	  1.5412e-03	  1.5412e-03	  0.0000e+00	  0.0000e+00	  0.0000e+00	  0.0000e+00	     -1.4869	     -0.0000	     -2.0094	      4.1073	
     5.55069	  2.5500e-02	  1.2419e-06	  9.2562e-04	  1.3132e-03	  1.7428e-06	  0.0000e+00	  0.0000e+00	  1.5413e-03	  1.5413e-03	  0.0000e+00	  0.0000e+00	  0.0000e+00	  0.0000e+00	     -1.4831	      0.0000	     -2.0208	      4.0962	
     5.55844	  2.5600e-02	  1.2163e-06	  9.2732e-04	  1.3142e-03	  1.8293e-06	  0.0000e+00	  0.0000e+00	  1.5414e-03	  1.5414e-03	  0.0000e+00	  0.0000e+00	  0.0000e+00	  0.0000e+00	     -1.4793	     -0.0000	     -2.0320	      4.0853	
     5.56605	  2.5700e-02	  1.1919e-06	  9.2900e-04	  1.3152e-03	  1.9202e-06	  0.0000e+00	  0.0000e+00	  1.5415e-03	  1.5415e-03	  0.0000e+00	  0.0000e+00	  0.0000e+00	  0.0000e+00	     -1.4757	      0.0000	     -2.0430	      4.0746	
     5.57354	  2.5800e-02	  1.1687e-06	  9.3066e-04	  1.3162e-03	  2.0155e-06	  0.0000e+00	  0.0000e+00	  1.5416e-03	  1.5416e-03	  0.0000e+00	  0.0000e+00	  0.0000e+00	  0.0000e+00	     -1.4721	      0.0000	     -2.0538	      4.0640	
     5.58035	  2.5900e-02	  1.1482e-06	  9.3218e-04	  1.3152e-03	  2.0102e-06	  0.0000e+00	  0.0000e+00	  1.5416e-03	  1.5416e-03	  0.0000e+00	  0.0000e+00	  0.0000e+00	  0.0000e+00	     -1.4688	     -0.0000	     -2.0636	      4.0544	
     5.58693	  2.6000e-02	  1.1289e-06	  9.3364e-04	  1.3137e-03	  1.9771e-06	  0.0000e+00	  0.0000e+00	  1.5417e-03	  1.5417e-03	  0.0000e+00	  0.0000e+00	  0.0000e+00	  0.0000e+00	     -1.4656	      0.0000	     -2.0731	      4.0451	
     5.59344	  2.6100e-02	  1.1103e-06	  9.3510e-04	  1.3123e-03	  1.9459e-06	  0.0000e+00	  0.0000e+00	  1.5418e-03	  1.5418e-03	  0.0000e+00	  0.0000e+00	  0.0000e+00	  0.0000e+00	     -1.4625	      0.0000	     -2.0825	      4.0359	
     5.59988	  2.6200e-02	  1.0924e-06	  9.3655e-04	  1.3109e-03	  1.9164e-06	  0.0000e+00	  0.0000e+00	  1.5418e-03	  1.5418e-03	  0.0000e+00	  0.0000e+00	  0.0000e+00	  0.0000e+00	     -1.4594	      0.0000	     -2.0918	      4.0269	
     5.60625	  2.6300e-02	  1.0752e-06	  9.3800e-04	  1.3096e-03	  1.8886e-06	  0.0000e+00	  0.0000e+00	  1.5419e-03	  1.5419e-03	  0.0000e+00	  0.0000e+00	  0.0000e+00	  0.0000e+00	     -1.4563	      0.0000	     -2.1010	      4.0179	
     5.61256	  2.6400e-02	  1.0586e-06	  9.3943e-04	  1.3084e-03	  1.8623e-06	  0.0000e+00	  0.0000e+00	  1.5419e-03	  1.5419e-03	  0.0000e+00	  0.0000e+00	  0.0000e+00	  0.0000e+00	     -1.4533	      0.0000	     -2.1101	      4.0090	
      5.6188	  2.6500e-02	  1.0426e-06	  9.4086e-04	  1.3073e-03	  1.8375e-06	  0.0000e+00	  0.0000e+00	  1.5420e-03	  1.5420e-03	  0.0000e+00	  0.0000e+00	  0.0000e+00	  0.0000e+00	     -1.4503	      0.0000	     -2.1191	      4.0002	
     5.62498	  2.6600e-02	  1.0271e-06	  9.4229e-04	  1.3063e-03	  1.8140e-06	  0.0000e+00	  0.0000e+00	  1.5420e-03	  1.5420e-03	  0.0000e+00	  0.0000e+00	  0.0000e+00	  0.0000e+00	     -1.4473	     -0.0000	     -2.1280	      3.9915	
      5.6311	  2.6700e-02	  1.0122e-06	  9.4370e-04	  1.3053e-03	  1.7917e-06	  0.0000e+00	  0.0000e+00	  1.5421e-03	  1.5421e-03	  0.0000e+00	  0.0000e+00	  0.0000e+00	  0.0000e+00	     -1.4444	      0.0000	     -2.1368	      3.9828	
     5.63716	  2.6800e-02	  9.9777e-07	  9.4511e-04	  1.3044e-03	  1.7706e-06	  0.0000e+00	  0.0000e+00	  1.5421e-03	  1.5421e-03	  0.0000e+00	  0.0000e+00	  0.0000e+00	  0.0000e+00	     -1.4415	     -0.0000	     -2.1456	      3.9743	
     5.64316	  2.6900e-02	  9.8385e-07	  9.4651e-04	  1.3036e-03	  1.7506e-06	  0.0000e+00	  0.0000e+00	  1.5421e-03	  1.5421e-03	  0.0000e+00	  0.0000e+00	  0.0000e+00	  0.0000e+00	     -1.4386	     -0.0000	     -2.1542	      3.9658	
      5.6491	  2.7000e-02	  9.7040e-07	  9.4791e-04	  1.3029e-03	  1.7316e-06	  0.0000e+00	  0.0000e+00	  1.5422e-03	  1.5422e-03	  0.0000e+00	  0.0000e+00	  0.0000e+00	  0.0000e+00	     -1.4357	     -0.0000	     -2.1628	      3.9574	
     5.65498	  2.7100e-02	  9.5740e-07	  9.4930e-04	  1.3022e-03	  1.7136e-06	  0.0000e+00	  0.0000e+00	  1.5422e-03	  1.5422e-03	  0.0000e+00	  0.0000e+00	  0.0000e+00	  0.0000e+00	     -1.4329	     -0.0000	     -2.1713	      3.9491	
      5.6608	  2.7200e-02	  9.4483e-07	  9.5068e-04	  1.3016e-03	  1.6965e-06	  0.0000e+00	  0.0000e+00	  1.5423e-03	  1.5423e-03	  0.0000e+00	  0.0000e+00	  0.0000e+00	  0.0000e+00	     -1.4301	      0.0000	     -2.1797	      3.9409	
     5.66657	  2.7300e-02	  9.3267e-07	  9.5205e-04	  1.3011e-03	  1.6802e-06	  0.0000e+00	  0.0000e+00	  1.5423e-03	  1.5423e-03	  0.0000e+00	  0.0000e+00	  0.0000e+00	  0.0000e+00	     -1.4273	      0.0000	     -2.1880	      3.9328	
     5.67228	  2.7400e-02	  9.2091e-07	  9.5342e-04	  1.3006e-03	  1.6648e-06	  0.0000e+00	  0.0000e+00	  1.5423e-03	  1.5423e-03	  0.0000e+00	  0.0000e+00	  0.0000e+00	  0.0000e+00	     -1.4246	      0.0000	     -2.1963	      3.9247	
     5.67794	  2.7500e-02	  9.0954e-07	  9.5478e-04	  1.3002e-03	  1.6500e-06	  0.0000e+00	  0.0000e+00	  1.5424e-03	  1.5424e-03	  0.0000e+00	  0.0000e+00	  0.0000e+00	  0.0000e+00	     -1.4218	     -0.0000	     -2.2045	      3.9167	
     5.68354	  2.7600e-02	  8.9853e-07	  9.5613e-04	  1.2999e-03	  1.6360e-06	  0.0000e+00	  0.0000e+00	  1.5424e-03	  1.5424e-03	  0.0000e+00	  0.0000e+00	  0.0000e+00	  0.0000e+00	     -1.4192	     -0.0000	     -2.2125	      3.9088	
     5.68909	  2.7700e-02	  8.8787e-07	  9.5747e-04	  1.2996e-03	  1.6227e-06	  0.0000e+00	  0.0000e+00	  1.5424e-03	  1.5424e-03	  0.0000e+00	  0.0000e+00	  0.0000e+00	  0.0000e+00	     -1.4165	      0.0000	     -2.2206	      3.9010	
     5.69458	  2.7800e-02	  8.7755e-07	  9.5881e-04	  1.2994e-03	  1.6100e-06	  0.0000e+00	  0.0000e+00	  1.5424e-03	  1.5424e-03	  0.0000e+00	  0.0000e+00	  0.0000e+00	  0.0000e+00	     -1.4138	     -0.0000	     -2.2285	      3.8933	
     5.70002	  2.7900e-02	  8.6756e-07	  9.6014e-04	  1.2993e-03	  1.5979e-06	  0.0000e+00	  0.0000e+00	  1.5425e-03	  1.5425e-03	  0.0000e+00	  0.0000e+00	  0.0000e+00	  0.0000e+00	     -1.4112	     -0.0000	     -2.2364	      3.8856	
     5.70541	  2.8000e-02	  8.5788e-07	  9.6146e-04	  1.2992e-03	  1.5864e-06	  0.0000e+00	  0.0000e+00	  1.5425e-03	  1.5425e-03	  0.0000e+00	  0.0000e+00	  0.0000e+00	  0.0000e+00	     -1.4086	     -0.0000	     -2.2442	      3.8780	
     5.71074	  2.8100e-02	  8.4850e-07	  9.6278e-04	  1.2991e-03	  1.5754e-06	  0.0000e+00	  0.0000e+00	  1.5425e-03	  1.5425e-03	  0.0000e+00	  0.0000e+00	  0.0000e+00	  0.0000e+00	     -1.4060	     -0.0000	     -2.2519	      3.8704	
     5.71603	  2.8200e-02	  8.3941e-07	  9.6409e-04	  1.2991e-03	  1.5649e-06	  0.0000e+00	  0.0000e+00	  1.5425e-03	  1.5425e-03	  0.0000e+00	  0.0000e+00	  0.0000e+00	  0.0000e+00	     -1.4035	     -0.0000	     -2.2595	      3.8630	
     5.72126	  2.8300e-02	  8.3060e-07	  9.6539e-04	  1.2992e-03	  1.5549e-06	  0.0000e+00	  0.0000e+00	  1.5426e-03	  1.5426e-03	  0.0000e+00	  0.0000e+00	  0.0000e+00	  0.0000e+00	     -1.4010	     -0.0000	     -2.2671	      3.8556	
     5.72644	  2.8400e-02	  8.2206e-07	  9.6668e-04	  1.2993e-03	  1.5453e-06	  0.0000e+00	  0.0000e+00	  1.5426e-03	  1.5426e-03	  0.0000e+00	  0.0000e+00	  0.0000e+00	  0.0000e+00	     -1.3985	     -0.0000	     -2.2746	      3.8483	
     5.73158	  2.8500e-02	  8.1378e-07	  9.6797e-04	  1.2994e-03	  1.5362e-06	  0.0000e+00	  0.0000e+00	  1.5426e-03	  1.5426e-03	  0.0000e+00	  0.0000e+00	  0.0000e+00	  0.0000e+00	     -1.3960	     -0.0000	     -2.2820	      3.8410	
     5.73666	  2.8600e-02	  8.0574e-07	  9.6924e-04	  1.2996e-03	  1.5275e-06	  0.0000e+00	  0.0000e+00	  1.5426e-03	  1.5426e-03	  0.0000e+00	  0.0000e+00	  0.0000e+00	  0.0000e+00	     -1.3935	      0.0000	     -2.2894	      3.8338	
      5.7417	  2.8700e-02	  7.9795e-07	  9.7051e-04	  1.2998e-03	  1.5191e-06	  0.0000e+00	  0.0000e+00	  1.5427e-03	  1.5427e-03	  0.0000e+00	  0.0000e+00	  0.0000e+00	  0.0000e+00	     -1.3911	     -0.0000	     -2.2967	      3.8267	
     5.74669	  2.8800e-02	  7.9039e-07	  9.7178e-04	  1.3001e-03	  1.5112e-06	  0.0000e+00	  0.0000e+00	  1.5427e-03	  1.5427e-03	  0.0000e+00	  0.0000e+00	  0.0000e+00	  0.0000e+00	     -1.3887	      0.0000	     -2.3039	      3.8196	
     5.75163	  2.8900e-02	  7.8306e-07	  9.7303e-04	  1.3004e-03	  1.5035e-06	  0.0000e+00	  0.0000e+00	  1.5427e-03	  1.5427e-03	  0.0000e+00	  0.0000e+00	  0.0000e+00	  0.0000e+00	     -1.3863	     -0.0000	     -2.3110	      3.8127	
     5.75652	  2.9000e-02	  7.7594e-07	  9.7428e-04	  1.3007e-03	  1.4962e-06	  0.0000e+00	  0.0000e+00	  1.5427e-03	  1.5427e-03	  0.0000e+00	  0.0000e+00	  0.0000e+00	  0.0000e+00	     -1.3840	     -0.0000	     -2.3181	      3.8057	
     5.76137	  2.9100e-02	  7.6902e-07	  9.7552e-04	  1.3011e-03	  1.4892e-06	  0.0000e+00	  0.0000e+00	  1.5427e-03	  1.5427e-03	  0.0000e+00	  0.0000e+00	  0.0000e+00	  0.0000e+00	     -1.3816	      0.0000	     -2.3251	      3.7989	
     5.76617	  2.9200e-02	  7.6231e-07	  9.7676e-04	  1.3015e-03	  1.4825e-06	  0.0000e+00	  0.0000e+00	  1.5427e-03	  1.5427e-03	  0.0000e+00	  0.0000e+00	  0.0000e+00	  0.0000e+00	     -1.3793	      0.0000	     -2.3321	      3.7921	
     5.77093	  2.9300e-02	  7.5580e-07	  9.7798e-04	  1.3019e-03	  1.4761e-06	  0.0000e+00	  0.0000e+00	  1.5428e-03	  1.5428e-03	  0.0000e+00	  0.0000e+00	  0.0000e+00	  0.0000e+00	     -1.3770	      0.0000	     -2.3390	      3.7854	
     5.77565	  2.9400e-02	  7.4947e-07	  9.7920e-04	  1.3024e-03	  1.4700e-06	  0.0000e+00	  0.0000e+00	  1.5428e-03	  1.5428e-03	  0.0000e+00	  0.0000e+00	  0.0000e+00	  0.0000e+00	     -1.3747	     -0.0000	     -2.3458	      3.7787	
     5.78032	  2.9500e-02	  7.4332e-07	  9.8041e-04	  1.3029e-03	  1.4641e-06	  0.0000e+00	  0.0000e+00	  1.5428e-03	  1.5428e-03	  0.0000e+00	  0.0000e+00	  0.0000e+00	  0.0000e+00	     -1.3725	      0.0000	     -2.3526	      3.7721	
     5.78494	  2.9600e-02	  7.3735e-07	  9.8162e-04	  1.3034e-03	  1.4585e-06	  0.0000e+00	  0.0000e+00	  1.5428e-03	  1.5428e-03	  0.0000e+00	  0.0000e+00	  0.0000e+00	  0.0000e+00	     -1.3702	     -0.0000	     -2.3593	      3.7655	
     5.78953	  2.9700e-02	  7.3155e-07	  9.8281e-04	  1.3040e-03	  1.4531e-06	  0.0000e+00	  0.0000e+00	  1.5428e-03	  1.5428e-03	  0.0000e+00	  0.0000e+00	  0.0000e+00	  0.0000e+00	     -1.3680	      0.0000	     -2.3659	      3.7590	
     5.79407	  2.9800e-02	  7.2591e-07	  9.8400e-04	  1.3045e-03	  1.4479e-06	  0.0000e+00	  0.0000e+00	  1.5428e-03	  1.5428e-03	  0.0000e+00	  0.0000e+00	  0.0000e+00	  0.0000e+00	     -1.3658	      0.0000	     -2.3725	      3.7526	
     5.79857	  2.9900e-02	  7.2043e-07	  9.8518e-04	  1.3051e-03	  1.4429e-06	  0.0000e+00	  0.0000e+00	  1.5429e-03	  1.5429e-03	  0.0000e+00	  0.0000e+00	  0.0000e+00	  0.0000e+00	     -1.3637	     -0.0000	     -2.3790	      3.7462	
     5.80302	  3.0000e-02	  7.1510e-07	  9.8636e-04	  1.3057e-03	  1.4381e-06	  0.0000e+00	  0.0000e+00	  1.5429e-03	  1.5429e-03	  0.0000e+00	  0.0000e+00	  0.0000e+00	  0.0000e+00	     -1.3615	     -0.0000	     -2.3855	      3.7399	
